599.1000000001029
613.9000000000894
925.2999999998062
1934.1999999988889
2612.400000000838
3787.700000005114
3841.100000005308
4611.30000000811
5612.800000011754
5629.0000000118125
6772.900000015974
8927.10000001044
8945.000000010179
9771.999999998145
832.099999999891
883.3999999998443
907.0999999998228
9901.099999996266
624.8000000000795
589.100000000112
603.9000000000985
1584.8999999992063
1593.4999999991985
2590.2000000007574
2601.9000000008
3596.90000000442
3617.800000004496
4586.700000008021
4593.500000008045
4601.400000008074
5590.800000011674
5603.000000011718
6593.20000001532
6605.500000015365
7593.400000018959
7608.400000019013
8590.200000015342
8601.500000015178
9592.100000000764
570.5000000001289
579.3000000001209
1571.4999999992183
1580.79999999921
2573.200000000696
2584.300000000736
3573.5000000043347
3594.500000004411
4576.300000007983
4585.300000008016
5574.000000011612
5582.900000011645
6580.700000015275
7576.700000018898
7589.100000018943
8575.100000015562
8590.200000015342
9577.600000000974
9588.600000000812
9650.69999999991
906.899999999823
919.8999999998111
1792.4999999990175
1808.2999999990031
2946.000000002052
3922.100000005603
3937.80000000566
5926.900000012896
5942.800000012954
6797.100000016062
6908.700000016468
6922.90000001652
7927.400000020174
7955.000000020274
8924.200000010482
8952.200000010074
9796.499999997788
9918.69999999601
919.999999999811
940.6999999997922
1942.3999999988807
2934.000000002008
2947.400000002057
3915.600000005579
4916.40000000922
5920.900000012874
7916.800000020135
8918.300000010568
9911.999999996107
9929.299999995856
601.5000000001007
611.2000000000919
1600.699999999192
1611.0999999991825
2609.300000000827
3607.5000000044574
4597.900000008061
4612.400000008114
5603.000000011718
6602.400000015354
6619.200000015415
7605.900000019004
8610.000000015054
9603.500000000597
9624.200000000295
921.8999999998092
1918.8999999989023
2911.5000000019263
2939.6000000020285
5912.500000012844
6921.700000016515
6945.0000000166
9907.199999996175
988.9999999997484
1011.199999999728
2940.300000002031
7944.900000020238
7991.400000020407
624.8000000000795
