8620.000000014908
8899.500000010841
6286.5000000142045
8896.000000010892
9786.399999997937
9894.299999996363
5346.300000010784
6281.500000014186
6917.6000000165
8612.800000015013
9758.399999998344
2602.1000000008007
5604.600000011724
8585.000000015418
8904.100000010774
9589.6000000008
9785.699999997943
622.4000000000817
1489.2999999992933
4597.200000008059
5190.3000000102165
6282.1000000141885
6888.300000016394
8597.000000015243
9663.999999999716
9774.299999998111
612.0000000000912
2602.8000000008037
8600.60000001519
635.0000000000703
1486.399999999296
2066.7999999988533
2380.799999999996
2975.80000000216
3216.300000003035
4310.700000007017
5037.500000009661
5169.4000000101405
5337.9000000107535
6276.100000014167
6879.900000016363
7444.000000018415
7994.800000020419
8177.100000021082
8602.900000015157
8913.400000010639
9640.200000000064
9770.89999999816
1486.4999999992958
2068.899999998861
2973.500000002152
3878.9000000054457
5040.900000009673
5168.800000010138
5340.400000010763
6275.900000014166
6877.000000016353
7277.200000017809
7984.500000020382
8192.600000021128
8612.200000015022
8899.500000010841
9776.39999999808
9894.899999996356
8607.300000015093
1490.0999999992923
2069.2999999988624
4329.100000007084
5181.100000010183
5340.600000010763
6278.8000000141765
6881.80000001637
7450.70000001844
8613.800000014999
8911.30000001067
9780.399999998022
1488.1999999992945
2068.59999999886
2380.599999999995
2975.200000002158
4091.9000000062206
4312.500000007023
5038.600000009665
5169.500000010141
5337.700000010753
6276.800000014169
6876.500000016351
7283.700000017832
7445.900000018422
8176.600000021081
8609.800000015057
8904.000000010776
9641.900000000038
9762.099999998289
8612.800000015013
8627.700000014796
8637.200000014658
6285.4000000142005
6882.500000016373
8898.600000010854
1488.1999999992945
2083.8999999989155
2390.700000000032
5174.100000010158
5341.600000010767
6280.300000014182
6920.800000016512
7451.100000018441
9659.899999999776
1492.5999999992905
5193.400000010228
5340.400000010763
6280.300000014182
6923.10000001652
8615.400000014975
9785.099999997954
188.00000000010849
657.8000000000495
836.6999999998868
989.4999999997478
1387.499999999386
1481.7999999993
1843.999999998971
2039.6999999987927
2376.799999999981
2735.800000001287
2827.1000000016197
2969.5000000021373
3039.00000000239
3192.100000002947
3827.100000005257
3920.300000005596
4079.100000006174
4294.400000006957
4843.100000008953
4996.800000009513
5157.3000000100965
5332.000000010732
5483.200000011282
5619.300000011777
6161.900000013751
6271.40000001415
6404.800000014635
6841.600000016224
6917.6000000165
7261.900000017753
7438.200000018394
7803.0000000197215
7976.700000020353
8164.300000021036
8582.200000015458
8778.700000012599
8895.600000010898
9080.200000008212
9584.500000000871
9659.499999999782
9754.199999998404
9854.999999996937
190.200000000109
606.1000000000965
739.1999999999755
983.9999999997528
1389.7999999993838
1483.4999999992986
1598.9999999991935
2037.3999999987948
2377.1999999999825
2592.400000000765
2956.9000000020915
3037.900000002386
3192.7000000029493
3591.800000004401
3853.500000005353
4088.400000006208
4295.700000006962
4588.3000000080265
4985.10000000947
5158.2000000101
5333.800000010739
5474.800000011252
5582.800000011644
6035.10000001329
6174.600000013797
6272.500000014154
6406.20000001464
6600.200000015346
6873.000000016338
6921.300000016514
7265.500000017766
7439.7000000184
7603.700000018996
7970.500000020331
8167.000000021046
8578.00000001552
8615.700000014971
8897.300000010873
9093.500000008018
9581.900000000913
9645.999999999978
9755.19999999839
9893.19999999638
6292.200000014225
6885.900000016385
8608.000000015083
8900.500000010827
9805.799999997653
2083.8999999989155
5195.8000000102365
5342.700000010771
6282.200000014189
6887.700000016392
8614.40000001499
8907.20000001073
9663.199999999728
608.2000000000946
1486.0999999992962
1603.2999999991896
2380.799999999996
2598.8000000007887
2973.9000000021533
3855.40000000536
4311.800000007021
4595.400000008052
5170.100000010143
5339.80000001076
5606.900000011732
6276.300000014167
6613.300000015393
6882.400000016372
8179.600000021092
8596.50000001525
8903.300000010786
9668.59999999965
192.4000000001095
616.5000000000871
738.9999999999757
1045.8999999996963
1483.999999999298
1613.1999999991806
1853.2999999989624
2043.5999999987887
2377.999999999985
2828.400000001624
2967.000000002128
3038.6000000023887
3195.900000002961
3720.400000004869
3853.400000005353
4082.900000006188
4297.400000006968
5034.200000009649
5159.700000010105
5334.700000010742
5473.600000011247
6026.300000013258
6165.700000013765
6273.500000014157
6405.900000014639
6809.600000016108
6881.000000016367
7266.400000017769
7440.400000018402
7816.600000019771
7977.100000020355
8168.000000021049
8601.600000015176
8899.100000010847
9100.20000000792
9637.300000000105
9754.799999998397
9905.499999996202
632.9000000000722
1486.8999999992957
1628.499999999167
2069.2999999988624
2379.799999999992
2972.6000000021486
4320.600000007053
5038.900000009666
5175.100000010161
5338.600000010756
6277.7000000141725
6878.700000016359
7446.000000018423
7996.900000020427
8597.700000015233
8900.400000010828
9644.999999999993
9773.199999998127
617.4000000000863
1486.399999999296
1600.1999999991924
2068.899999998861
2381.699999999999
2601.200000000797
4317.20000000704
4598.400000008063
5170.400000010144
5585.400000011654
6276.500000014168
6597.800000015337
6918.100000016502
8192.50000002113
8585.400000015412
8902.000000010805
9591.300000000774
9755.299999998388
6922.600000016519
615.4000000000881
1485.199999999297
1610.3999999991831
2070.599999998867
2378.7999999999884
2601.7000000007997
2970.1000000021395
3856.800000005365
4306.100000007
5038.800000009665
5169.900000010142
5336.8000000107495
6274.100000014159
6877.000000016353
7442.200000018409
7992.20000002041
8176.100000021079
8599.600000015205
8900.600000010825
9661.099999999758
9766.299999998228
4591.200000008037
5191.30000001022
5614.200000011759
6281.400000014186
6881.400000016369
8583.100000015445
8898.20000001086
644.3000000000618
1487.7999999992946
1617.2999999991769
2072.999999998876
2385.600000000013
4328.00000000708
5039.000000009666
5194.800000010233
5342.40000001077
5611.000000011747
6277.600000014172
6774.800000015981
6918.500000016504
7453.50000001845
8599.900000015201
9644.699999999995
9753.599999998412
8626.400000014815
8901.400000010814
8626.700000014811
8618.900000014924
8899.400000010843
195.90000000011028
617.1000000000865
738.599999999976
897.9999999998311
1485.9999999992965
1607.6999999991856
1856.6999999989591
2067.499999998856
2379.8999999999924
2585.40000000074
2973.600000002152
3198.100000002969
3593.400000004407
3855.100000005359
4309.300000007012
4583.200000008008
5038.600000009665
5168.800000010138
5338.300000010755
5497.100000011333
5586.600000011658
5919.200000012868
6276.300000014167
6595.000000015327
6869.600000016326
6919.300000016507
7444.300000018416
7591.200000018951
7925.500000020167
8177.100000021082
8577.600000015525
8626.500000014814
8891.100000010963
9579.700000000945
9665.899999999689
9758.099999998349
9887.199999996468
643.5000000000625
1501.8999999992818
6920.800000016512
8611.100000015038
9638.500000000087
623.8000000000804
1487.9999999992945
4327.400000007077
5174.000000010157
5345.500000010781
6278.8000000141765
6892.000000016407
8601.200000015182
8901.70000001081
9647.699999999952
9768.1999999982
612.3000000000909
1486.8999999992957
1613.89999999918
2085.19999999892
2382.7000000000025
4315.600000007034
5169.500000010141
5340.200000010762
5607.900000011736
6276.500000014168
6880.300000016365
8178.900000021089
8601.600000015176
8909.700000010693
9659.899999999776
8613.300000015006
6923.700000016523
8624.800000014839
190.7000000001091
1395.1999999993789
1486.299999999296
1615.299999999179
1850.6999999989648
2051.9999999987995
2378.2999999999865
2969.700000002138
3039.6000000023923
3193.1000000029508
3583.1000000043696
3851.200000005345
4083.300000006189
4300.800000006981
4586.900000008021
5036.700000009658
5163.9000000101205
5336.000000010747
5484.400000011287
5573.30000001161
6193.200000013865
6275.100000014163
6406.10000001464
6871.100000016331
7266.800000017771
7440.900000018404
7977.800000020357
8168.800000021052
8576.300000015544
8646.00000001453
8897.200000010875
9095.300000007992
9581.000000000924
9663.599999999722
9765.799999998237
9890.399999996422
199.60000000011112
1485.299999999297
1777.2999999990311
2058.699999998824
2379.799999999992
2971.0000000021428
3869.900000005413
4298.100000006971
5037.30000000966
5167.000000010132
5338.300000010755
6275.000000014163
6871.300000016332
6921.300000016514
7444.400000018417
7995.900000020423
8180.000000021093
8588.400000015368
8787.400000012472
8896.80000001088
9661.899999999749
9768.399999998195
9896.999999996326
198.1000000001108
620.5000000000834
1483.5999999992985
1610.0999999991834
2058.0999999988217
2378.199999999986
2975.9000000021606
3198.0000000029686
3863.60000000539
4085.300000006197
4302.900000006988
5035.500000009653
5164.700000010123
5335.7000000107455
5493.800000011321
5611.4000000117485
6273.700000014158
6406.400000014641
6875.500000016347
7271.500000017788
7441.600000018407
8169.200000021054
8600.200000015197
8903.100000010789
9656.499999999824
9755.89999999838
1498.499999999285
5342.50000001077
6282.900000014191
6903.80000001645
8614.000000014996
9663.499999999724
1616.2999999991778
8610.700000015044
6922.400000016518
8611.800000015028
9765.39999999824
626.3000000000782
1489.2999999992933
2080.199999998902
5174.500000010159
5340.200000010762
6279.300000014178
6920.900000016512
7448.700000018433
8601.900000015172
9781.899999998
2086.8999999989264
2388.8000000000247
5190.800000010218
5343.900000010775
6280.400000014182
6922.200000016517
7456.900000018462
8604.300000015137
9682.099999999453
9771.699999998147
8619.300000014919
197.10000000011053
1052.99999999969
1484.3999999992975
1862.6999999989537
2066.5999999988526
2378.599999999988
2969.0000000021355
3195.60000000296
3858.500000005372
4298.100000006971
4589.20000000803
5035.500000009653
5166.60000001013
5336.200000010747
5577.500000011625
6273.400000014157
6409.200000014651
6871.800000016334
6919.300000016507
7283.800000017833
7441.900000018408
7978.800000020361
8188.300000021123
8579.100000015504
8897.000000010878
9585.200000000865
9661.599999999751
9777.699999998062
9891.19999999641
610.000000000093
1492.6999999992902
1614.2999999991796
2599.600000000792
4593.700000008046
5609.2000000117405
6282.300000014189
6616.700000015406
6775.100000015982
6921.000000016513
8596.100000015256
9592.000000000764
9685.299999999406
9780.199999998023
8627.800000014795
8628.900000014779
2596.5000000007803
8582.900000015448
9585.30000000086
6294.600000014234
8614.600000014987
6921.100000016513
8625.700000014825
8910.100000010687
9583.100000000892
198.90000000011096
616.0000000000875
739.0999999999756
1485.3999999992968
1606.6999999991865
2053.199999998804
2378.699999999988
2603.000000000804
2971.300000002144
3041.9000000024007
3204.6000000029926
3855.20000000536
4084.900000006195
4304.800000006995
5035.800000009655
5165.600000010127
5336.000000010747
5504.400000011359
5607.600000011735
6274.100000014159
6406.700000014642
6618.400000015412
6881.80000001637
7273.200000017794
7445.20000001842
7985.200000020384
8172.700000021066
8599.100000015213
8900.200000010831
9636.20000000012
9751.79999999844
4595.400000008052
9591.700000000768
8612.900000015012
4600.500000008071
8585.200000015415
9581.400000000918
3936.3000000056554
6918.600000016504
8608.000000015083
2589.6000000007552
4594.300000008048
5584.2000000116495
8581.100000015475
9578.200000000965
2584.4000000007363
3582.100000004366
4577.700000007988
5574.100000011613
6282.40000001419
6879.300000016361
7587.200000018936
8579.900000015492
8902.600000010796
9576.700000000988
933.7999999997984
3889.200000005483
5197.700000010244
5918.600000012866
6283.600000014194
6786.200000016022
6877.100000016353
6921.2000000165135
7931.300000020188
8604.900000015128
8895.800000010895
9767.999999998205
9891.599999996404
589.8000000001114
2590.100000000757
3582.700000004368
4583.9000000080105
5572.000000011605
8577.700000015524
9580.00000000094
1613.1999999991806
5615.200000011762
6923.10000001652
8601.40000001518
8602.800000015159
201.90000000011165
1485.3999999992968
2066.699999998853
2378.4999999999877
3041.7000000024
3202.7000000029857
4092.000000006221
4304.400000006994
5038.200000009663
5167.100000010132
5336.300000010748
6273.700000014158
6407.700000014645
6879.400000016361
7273.6000000177955
7442.800000018411
8170.200000021057
8603.800000015144
8901.800000010808
9655.799999999836
9763.99999999826
6294.2000000142325
8609.000000015069
9659.59999999978
6936.70000001657
8635.70000001468
8604.500000015134
8634.900000014692
660.2000000000473
5201.700000010258
5347.8000000107895
6285.3000000142
8611.400000015034
9646.099999999977
628.5000000000762
1629.299999999166
5616.9000000117685
6285.500000014201
8604.000000015141
9650.199999999915
8619.500000014916
8603.800000015144
2594.800000000774
4589.800000008032
8601.30000001518
9586.80000000084
1486.7999999992956
2069.499999998863
2381.7999999999997
2982.600000002185
4332.900000007097
5039.900000009669
5190.200000010216
5340.000000010761
6278.300000014175
6920.1000000165095
7447.300000018427
8609.800000015057
9663.999999999716
9785.499999997948
746.7999999999686
5183.10000001019
5341.100000010765
6281.100000014185
6879.10000001636
8590.40000001534
8897.900000010864
9778.399999998051
9892.899999996383
197.60000000011067
1487.299999999295
2064.499999998845
2381.7999999999997
2973.800000002153
3200.300000002977
4315.700000007035
4595.500000008053
5038.500000009664
5187.500000010206
5341.300000010766
6276.300000014167
6408.500000014648
6877.800000016356
7445.900000018422
7806.100000019733
8579.700000015495
8900.30000001083
9582.200000000908
9665.399999999696
9783.199999997982
200.10000000011124
524.200000000171
1484.199999999298
2060.4999999988304
2378.4999999999877
2583.200000000732
2969.0000000021355
3213.200000003024
3567.600000004313
4302.400000006986
4505.200000007724
4591.600000008039
5036.800000009658
5168.800000010138
5338.100000010754
5493.200000011319
6274.000000014159
6411.70000001466
6875.700000016348
7275.000000017801
7445.30000001842
7977.300000020356
8173.80000002107
8573.90000001558
8653.900000014415
8898.300000010859
9577.300000000978
9655.699999999835
9770.99999999816
9894.69999999636
6923.900000016523
8915.100000010614
621.6000000000824
1615.3999999991786
2602.300000000801
4602.90000000808
5196.400000010239
5608.1000000117365
6280.100000014181
6922.700000016519
8599.30000001521
8920.500000010536
9670.69999999962
9763.499999998268
591.6000000001097
2589.700000000756
2980.100000002176
3592.800000004405
4585.800000008017
5597.600000011698
6594.800000015326
7986.200000020388
8580.70000001548
9583.100000000892
1485.3999999992968
2061.2999999988333
2381.199999999997
2979.800000002175
4302.500000006987
5039.200000009667
5168.200000010136
5343.600000010774
6275.000000014163
6882.200000016372
7275.400000017802
7984.300000020381
8176.100000021079
8616.300000014962
8901.500000010812
9661.599999999751
9788.199999997909
192.30000000010943
588.7000000001124
738.7999999999759
1484.4999999992976
1611.1999999991824
1860.9999999989552
2054.499999998809
2378.4999999999877
2582.2000000007283
2965.4000000021224
3041.7000000024
3199.1000000029726
3581.2000000043627
3854.7000000053577
4087.5000000062046
4296.900000006966
4577.400000007987
5035.200000009652
5166.60000001013
5335.300000010744
5491.200000011311
5575.300000011617
6273.3000000141565
6405.300000014637
6591.900000015316
6777.20000001599
6871.500000016333
6920.600000016511
7273.200000017794
7442.300000018409
7800.400000019712
7983.500000020378
8172.800000021067
8576.100000015547
8620.200000014906
8784.000000012522
8892.70000001094
9577.20000000098
9659.199999999786
9758.299999998344
9886.099999996484
1487.399999999295
2076.89999999889
5189.600000010214
6280.400000014182
6877.900000016356
8604.500000015134
8906.000000010747
9680.399999999478
9795.199999997809
1489.3999999992932
1609.399999999184
2072.199999998873
2384.100000000008
2587.4000000007472
3581.4000000043634
4580.800000007999
5175.400000010162
5338.800000010757
5577.000000011623
6279.100000014178
6880.700000016366
7447.500000018428
7596.3000000189695
8579.000000015505
8904.700000010766
9578.000000000968
9679.59999999949
576.8000000001232
2583.500000000733
3577.9000000043507
4576.300000007983
5346.800000010786
5568.400000011592
6281.900000014188
6590.40000001531
6918.900000016505
7589.600000018945
8575.400000015557
8902.500000010798
9577.700000000972
611.5000000000916
1612.399999999181
2603.500000000806
4603.200000008081
5603.60000001172
6286.000000014203
6623.800000015432
6921.400000016514
8600.800000015188
9665.999999999687
9783.39999999798
8612.500000015018
2585.5000000007403
3587.8000000043867
4589.000000008029
6288.7000000142125
6921.400000016514
8580.300000015486
9582.200000000908
1486.7999999992956
2070.1999999988657
2380.299999999994
2595.5000000007767
2972.3000000021475
3908.400000005553
4313.500000007027
4588.400000008027
5042.300000009678
5185.500000010199
5338.800000010757
6277.200000014171
6876.20000001635
6922.400000016518
7447.400000018428
7986.300000020388
8580.800000015479
8892.500000010943
9582.400000000904
9772.799999998131
9890.099999996426
2605.0000000008117
6283.500000014194
6883.500000016376
8598.400000015223
8902.400000010799
9679.999999999483
8616.200000014964
1488.2999999992942
2079.9999999989013
2385.200000000012
4592.7000000080425
5186.300000010202
5340.000000010761
5603.100000011718
6280.200000014182
6881.400000016369
7451.100000018441
8581.800000015464
8900.800000010822
9584.10000000088
9764.499999998254
187.80000000010844
443.50000000016655
615.8000000000877
1038.3999999997034
1388.499999999385
1481.2999999993006
2037.2999999987949
2377.099999999982
2968.4000000021333
3037.000000002383
3191.500000002945
3855.40000000536
3919.700000005594
4080.200000006178
4295.000000006959
5030.900000009637
5157.700000010098
5332.600000010734
5459.300000011195
5617.30000001177
6025.300000013254
6163.400000013757
6272.2000000141525
6405.600000014638
6870.500000016329
6918.100000016502
7263.200000017758
7438.600000018396
7976.000000020351
8163.600000021033
8593.300000015297
8896.900000010879
9092.400000008034
9590.100000000792
9660.799999999765
9760.099999998318
9888.699999996446
1490.1999999992925
2961.600000002109
5176.100000010165
6280.500000014183
6885.900000016385
8619.90000001491
8908.900000010704
9664.299999999712
2387.40000000002
5196.60000001024
5342.700000010771
6282.900000014191
8617.300000014948
188.00000000010849
633.2000000000719
736.0999999999783
1388.8999999993846
1483.6999999992984
1607.7999999991855
1846.699999998968
2054.6999999988093
2377.6999999999844
2587.2000000007465
2972.500000002148
3039.00000000239
3191.9000000029464
3748.20000000497
3846.300000005327
4081.500000006183
4294.800000006959
4587.200000008023
5034.300000009649
5158.900000010102
5333.5000000107375
5476.100000011256
5580.9000000116375
6162.900000013755
6272.400000014153
6404.800000014635
6598.300000015339
6773.300000015976
6872.200000016335
6920.1000000165095
7267.500000017773
7440.200000018402
7807.800000019739
7980.900000020369
8127.500000020902
8578.800000015508
8623.400000014859
8896.500000010885
9095.500000007987
9581.700000000914
9660.699999999764
9753.299999998417
9889.399999996436
637.9000000000676
3918.900000005591
6281.0000000141845
6917.200000016499
7821.300000019788
8605.900000015114
8904.100000010774
9672.299999999595
9758.299999998344
620.1000000000838
743.2999999999718
1487.8999999992946
1614.0999999991798
2067.9999999988577
2380.6999999999957
2831.200000001634
3844.8000000053216
4322.900000007061
5041.100000009674
5176.0000000101645
5344.200000010776
5617.600000011771
6278.200000014174
6410.700000014656
6768.600000015958
6903.100000016448
7765.200000019584
8602.400000015165
8696.600000013794
8814.000000012085
8904.40000001077
9659.899999999776
9754.699999998396
197.8000000001107
611.2000000000919
1486.299999999296
1600.799999999192
2067.9999999988577
2381.0999999999967
2596.700000000781
2978.3000000021693
3199.000000002972
4303.30000000699
4592.10000000804
5039.800000009669
5169.4000000101405
5341.900000010768
5598.400000011701
6274.600000014161
6607.800000015373
6878.700000016359
7275.100000017801
7624.500000019072
8174.300000021072
8581.300000015472
8899.60000001084
9586.80000000084
9665.79999999969
9766.699999998222
611.4000000000917
1488.399999999294
2066.399999998852
2379.8999999999924
2600.200000000794
2970.9000000021424
4317.700000007042
5036.600000009657
5185.7000000102
5339.400000010759
6276.300000014167
6617.500000015409
6890.700000016403
7451.100000018441
8596.000000015258
8906.700000010736
9667.499999999663
9759.19999999833
2609.2000000008265
3915.1000000055774
6920.600000016511
8583.400000015441
8896.700000010882
9584.300000000876
1489.7999999992928
2387.1000000000186
5193.90000001023
5341.2000000107655
6282.200000014189
6923.10000001652
8616.100000014965
8901.00000001082
9666.099999999686
1485.8999999992964
2068.1999999988584
2380.399999999994
2605.0000000008117
2971.0000000021428
4312.300000007022
5039.200000009667
5171.6000000101485
5339.500000010759
6276.800000014169
6882.400000016372
7444.800000018418
8177.600000021084
8600.500000015192
8903.600000010782
9675.199999999551
6288.00000001421
6918.500000016504
8628.400000014786
8941.900000010224
6920.500000016511
8904.500000010768
914.8999999998156
3896.400000005509
6879.300000016361
8585.200000015415
8896.80000001088
9583.000000000897
9785.799999997944
9895.899999996342
2077.399999998892
5179.200000010176
6920.600000016511
9688.599999999358
6880.400000016365
8897.300000010873
9899.999999996282
2602.300000000801
5605.700000011728
8600.200000015197
190.60000000010908
447.7000000001675
1038.4999999997033
1390.3999999993832
1483.5999999992985
1861.0999999989551
2039.9999999987924
2378.199999999986
2970.1000000021395
3037.300000002384
3193.1000000029508
3856.1000000053623
4079.900000006177
4298.600000006973
5031.200000009638
5158.900000010102
5336.600000010749
5491.400000011312
6022.800000013245
6174.900000013799
6272.800000014155
6407.300000014644
6871.300000016332
6919.800000016508
7265.500000017766
7439.600000018399
7979.900000020365
8168.000000021049
8582.000000015461
8894.80000001091
9093.000000008024
9584.10000000088
9660.199999999772
9767.799999998206
9888.599999996448
8624.70000001484
6919.800000016508
8603.200000015153
8905.300000010757
9909.899999996138
614.8000000000886
2598.500000000788
4324.600000007067
5189.100000010212
5603.7000000117205
6278.600000014176
6920.1000000165095
8598.300000015224
8911.100000010672
9768.89999999819
196.8000000001105
1484.6999999992977
2068.7999999988606
2379.499999999991
2972.700000002149
3203.600000002989
3922.0000000056025
4305.100000006996
5037.40000000966
5167.700000010134
5337.9000000107535
6274.100000014159
6876.800000016352
6926.500000016533
7274.9000000178
7448.900000018433
8172.900000021067
8581.100000015475
8898.500000010856
9587.100000000835
9668.199999999655
9770.89999999816
190.10000000010896
1013.7999999997256
1391.1999999993825
1483.3999999992986
2039.1999999987927
2378.2999999999865
2835.2000000016487
2963.400000002115
3198.5000000029704
3846.300000005327
4295.600000006962
4968.2000000094085
5160.400000010108
5337.100000010751
5605.200000011726
6020.400000013236
6273.600000014158
6871.100000016331
6925.000000016527
7267.0000000177715
7442.50000001841
7967.40000002032
8172.600000021066
8597.100000015242
8899.400000010843
9012.800000009192
9646.899999999963
9756.49999999837
1487.8999999992946
2381.199999999997
2978.000000002168
5044.300000009685
5174.300000010158
6278.100000014174
6917.300000016499
7988.900000020398
8612.800000015013
8910.900000010675
9673.099999999584
9769.49999999818
3916.200000005581
5927.200000012897
6916.700000016497
7926.100000020169
8616.800000014955
8910.400000010683
9756.399999998372
1846.3999999989685
2837.4000000016567
3843.9000000053184
5177.50000001017
6279.80000001418
6843.400000016231
6918.100000016502
7824.300000019799
8604.80000001513
8905.900000010748
9760.299999998317
617.2000000000864
1486.8999999992957
2381.5999999999985
2598.100000000786
2968.5000000021337
3917.4000000055858
5166.200000010129
5607.400000011734
6279.500000014179
6621.100000015422
6883.600000016377
6921.000000016513
7982.700000020375
8601.800000015173
8903.400000010784
9657.49999999981
9781.799999998002
613.8000000000895
1490.2999999992924
1599.599999999193
2596.30000000078
2975.6000000021595
4591.800000008039
5597.800000011699
6283.300000014193
6628.80000001545
6920.30000001651
8584.500000015425
8649.200000014484
9586.600000000844
9671.29999999961
359.00000000014734
736.2999999999781
829.6999999998932
1485.5999999992966
1846.4999999989684
2055.999999998814
2377.499999999984
2814.2000000015723
2969.0000000021355
3742.900000004951
3825.10000000525
3915.80000000558
4300.000000006978
5035.300000009653
5165.500000010126
5336.500000010748
6273.800000014158
6406.10000001464
6762.300000015935
6872.200000016335
6919.700000016508
7441.300000018406
7752.900000019539
7818.700000019779
7984.300000020381
8175.100000021075
8606.300000015108
8775.20000001265
8897.800000010866
9649.199999999932
9744.89999999854
9836.799999997202
8617.000000014952
9771.199999998156
6919.500000016507
197.10000000011053
609.6000000000934
961.4999999997732
1484.4999999992976
1615.299999999179
2041.3999999987911
2379.8999999999924
2597.6000000007843
2960.0000000021028
3196.9000000029646
3919.200000005592
4303.200000006989
4986.700000009476
5165.600000010127
5337.9000000107535
5605.000000011725
6274.4000000141605
6875.100000016346
6920.900000016512
7272.20000001779
7446.900000018426
7964.500000020309
8173.500000021069
8581.200000015473
8901.300000010815
9583.900000000882
9647.099999999962
9763.299999998271
2609.8000000008287
6287.300000014207
8610.800000015042
8619.600000014914
9794.799999997813
8899.800000010837
4603.400000008081
6892.200000016408
8625.600000014827
6919.200000016506
190.40000000010903
586.900000000114
935.8999999997966
1481.4999999993004
1606.5999999991866
1851.8999999989635
2064.799999998846
2377.499999999984
2582.2000000007283
2942.500000002039
3037.800000002386
3193.3000000029515
3581.2000000043627
3867.1000000054023
4081.500000006183
4295.900000006963
4579.300000007994
4987.80000000948
5159.900000010106
5334.30000001074
5498.900000011339
5576.5000000116215
5925.400000012891
6175.2000000138
6273.200000014156
6409.200000014651
6589.700000015308
6871.100000016331
6918.700000016504
7265.600000017766
7440.400000018402
7585.100000018929
7965.700000020313
8168.400000021051
8575.700000015553
8620.000000014908
8892.300000010946
9101.800000007896
9577.20000000098
9651.899999999892
9757.89999999835
9887.199999996468
6919.700000016508
8604.700000015131
8623.600000014856
6920.900000016512
7804.200000019726
8810.600000012135
8900.30000001083
9794.899999997811
9905.899999996196
6283.900000014195
648.1000000000583
2968.600000002134
3917.6000000055865
5001.400000009529
6917.9000000165015
8006.800000020463
8608.300000015079
8906.40000001074
9649.29999999993
892.0999999998364
1488.499999999294
1910.2999999989104
2385.1000000000117
2598.4000000007877
2943.2000000020416
3876.9000000054384
4591.100000008037
5034.200000009649
5187.200000010205
5341.500000010767
5593.600000011684
5915.000000012853
6277.800000014173
6873.800000016341
6918.800000016505
7449.5000000184355
7916.400000020134
8578.70000001551
8891.600000010956
9580.700000000928
9771.399999998152
9887.09999999647
191.1000000001092
874.6999999998523
1483.099999999299
1610.6999999991829
1847.5999999989676
2067.6999999988566
2378.399999999987
2598.8000000007887
2827.700000001621
2940.2000000020307
3193.1000000029508
3844.000000005319
3914.700000005576
4301.000000006981
4801.900000008804
5036.800000009658
5163.9000000101205
5336.500000010748
5893.600000012775
6174.900000013799
6273.800000014158
6846.400000016241
6917.4000000165
7270.400000017784
7442.700000018411
7797.700000019702
7915.000000020129
8172.000000021064
8578.500000015512
8800.800000012277
8890.500000010972
9580.60000000093
9659.399999999783
9758.299999998344
9880.399999996567
200.8000000001114
633.100000000072
746.299999999969
1485.299999999297
1615.5999999991784
1849.3999999989655
2066.499999998852
2379.9999999999927
2731.5000000012715
2834.500000001646
3706.100000004817
3842.400000005313
4313.600000007027
5038.200000009663
5166.800000010131
5337.800000010753
5616.000000011765
6275.5000000141645
6408.90000001465
6775.600000015984
6882.700000016373
7274.400000017798
7445.900000018422
7703.70000001936
7838.600000019851
8175.400000021076
8601.700000015175
8772.600000012688
8902.400000010799
9661.899999999749
9751.69999999844
603.6000000000988
1487.7999999992946
1598.8999999991936
2585.30000000074
2974.8000000021566
3589.600000004393
4587.600000008024
5176.200000010165
5586.100000011656
6280.000000014181
6595.700000015329
6919.700000016508
7593.80000001896
8579.600000015496
8913.500000010637
9582.400000000904
9664.799999999705
1494.2999999992887
6282.900000014191
2598.4000000007877
4609.800000008105
5590.5000000116725
6282.50000001419
6920.30000001651
8581.40000001547
9582.6000000009
9686.299999999392
1848.2999999989668
3845.600000005325
6918.500000016504
6287.90000001421
8615.600000014972
8902.600000010796
9759.89999999832
649.0000000000575
1486.199999999296
1696.9999999991044
2069.799999998864
2381.199999999997
2974.600000002156
4311.70000000702
5037.500000009661
5171.800000010149
6277.00000001417
6889.000000016396
8607.400000015092
8684.50000001397
8908.50000001071
9643.80000000001
9770.699999998164
837.1999999998864
948.4999999997852
1491.5999999992912
2825.8000000016145
2974.8000000021566
3840.300000005305
3913.700000005572
5178.600000010174
5916.80000001286
6278.400000014175
6872.000000016335
6918.000000016502
7759.200000019562
7917.100000020137
8615.80000001497
8787.500000012471
8899.300000010844
9665.499999999694
9753.899999998408
1496.4999999992867
5194.300000010231
5341.900000010768
6281.200000014185
6889.700000016399
8615.000000014981
8896.600000010883
9894.399999996363
5348.00000001079
6283.400000014193
8614.300000014991
740.5999999999742
5347.600000010789
6285.800000014202
6921.100000016513
7760.500000019567
8611.900000015026
8904.500000010768
9753.299999998417
617.3000000000864
1486.8999999992957
1605.6999999991874
2075.6999999988857
2381.7999999999997
2599.400000000791
2977.3000000021657
4326.100000007073
4600.500000008071
5040.400000009671
5194.200000010231
5339.900000010761
5604.500000011723
6277.7000000141725
6895.300000016419
7450.80000001844
8595.80000001526
8906.100000010745
9665.79999999969
9772.599999998136
194.2000000001099
617.8000000000859
740.4999999999743
832.5999999998905
932.1999999998
1482.1999999992995
1608.8999999991845
1765.699999999042
1841.9999999989725
2057.4999999988195
2377.6999999999844
2601.100000000797
2826.4000000016167
2959.6000000021013
3193.3000000029515
3765.800000005034
3835.900000005289
3915.4000000055785
4296.300000006964
4593.800000008047
4836.100000008928
5034.300000009649
5161.900000010113
5334.800000010742
5488.500000011301
5608.1000000117365
5837.500000012571
5925.30000001289
6272.600000014154
6408.300000014648
6758.700000015922
6839.700000016217
6915.500000016493
7265.100000017765
7440.600000018403
7754.500000019545
7827.40000001981
7920.80000002015
8170.100000021057
8597.000000015243
8764.9000000128
8896.500000010885
9098.300000007948
9585.800000000854
9661.69999999975
9748.799999998482
9833.799999997244
8607.000000015098
9783.099999997983
6882.200000016372
7807.200000019737
8608.500000015076
8806.400000012196
9786.399999997937
741.899999999973
2086.8999999989264
2834.8000000016477
5344.000000010776
6280.900000014184
8620.400000014903
8907.000000010732
9751.499999998445
8901.500000010812
1482.3999999992996
2058.899999998825
2378.199999999986
2972.1000000021468
3849.70000000534
4296.400000006965
5036.800000009658
5162.8000000101165
5335.900000010746
5484.900000011288
6273.200000014156
6870.000000016327
6921.900000016516
7272.10000001779
7442.700000018411
7997.100000020428
8170.700000021059
8603.000000015156
8896.20000001089
9661.499999999753
9781.999999998
9897.29999999632
1489.2999999992933
2069.999999998865
4317.500000007041
5201.500000010257
5343.4000000107735
6278.300000014175
6925.400000016529
8612.600000015016
9663.299999999726
907.799999999822
1907.5999999989128
3904.90000000554
5912.700000012845
6890.0000000164
7921.300000020152
8894.700000010911
9795.399999997804
9896.199999996335
8900.90000001082
2978.800000002171
8002.700000020448
8632.100000014732
1489.699999999293
2072.199999998873
2962.300000002111
4983.500000009464
5195.8000000102365
5345.000000010779
6280.100000014181
6919.900000016509
7975.100000020348
8602.600000015162
9646.999999999964
9769.899999998175
6284.600000014198
8614.000000014996
9762.299999998286
5613.800000011757
8602.70000001516
8900.200000010831
9904.499999996217
6922.600000016519
606.5000000000962
2594.200000000772
4590.700000008035
5197.400000010242
5588.000000011663
6282.000000014188
6613.200000015393
7597.500000018974
8004.400000020454
8594.000000015287
9594.900000000722
9782.399999997991
