573.4000000001263
732.1999999999819
895.6999999998332
1593.2999999991987
1768.3999999990394
1856.19999999896
1907.0999999989133
2578.2000000007138
2973.4000000021515
3575.6000000043423
3764.100000005028
3901.7000000055286
4569.500000007958
4579.900000007996
4741.800000008585
5571.0000000116015
5584.500000011651
5893.100000012773
6577.300000015262
6760.600000015929
6879.800000016363
6917.9000000165015
7585.40000001893
7753.8000000195425
7801.400000019716
7905.600000020095
8573.20000001559
8641.600000014594
8765.800000012787
8891.100000010963
9574.300000001022
9753.299999998417
9886.799999996474
732.6999999999814
1599.8999999991927
1777.1999999990314
1855.2999999989604
2599.9000000007927
4571.700000007966
4748.900000008611
5574.600000011615
6611.300000015386
6764.400000015943
6917.800000016501
7762.700000019575
8577.900000015521
8608.800000015071
9578.60000000096
9754.599999998398
732.4999999999816
1600.1999999991924
1755.0999999990515
1851.399999998964
2597.400000000784
2732.4000000012747
3746.7000000049647
4576.100000007982
4741.200000008583
5577.400000011625
5768.700000012321
6612.30000001539
6751.200000015895
6919.700000016508
7747.50000001952
7818.300000019777
8580.100000015489
8620.800000014897
8731.300000013289
9578.700000000958
9750.599999998456
572.2000000001274
734.5999999999797
1595.2999999991969
1770.6999999990371
1855.89999999896
2581.500000000726
2971.900000002146
3577.500000004349
3927.100000005621
4569.90000000796
4584.300000008012
5570.200000011599
5584.000000011649
6587.400000015299
6764.300000015943
6885.800000016385
6918.400000016503
7592.800000018957
7798.300000019704
7918.900000020143
8575.500000015556
8602.300000015166
9576.700000000988
9755.499999998385
9954.499999995489
592.8000000001086
732.8999999999812
1597.8999999991945
1754.2999999990525
1845.9999999989689
2582.70000000073
2736.100000001288
3584.4000000043743
3749.1000000049735
3852.7000000053504
4575.200000007979
4741.200000008583
5577.200000011624
5761.600000012295
6600.800000015348
6750.100000015891
6918.800000016505
7749.900000019528
8577.400000015528
8730.100000013306
9577.90000000097
9750.599999998456
581.9000000001186
735.5999999999788
1595.8999999991963
1762.9999999990443
1857.999999998958
2583.200000000732
3580.40000000436
3786.100000005108
4573.300000007972
4594.100000008048
5574.800000011615
6592.800000015319
6755.800000015912
6880.900000016367
6919.900000016509
7594.800000018964
7759.900000019565
8576.500000015541
8602.200000015167
8768.200000012752
9576.800000000983
9753.699999998413
572.600000000127
734.0999999999801
1596.199999999196
1764.499999999043
1856.9999999989589
2580.900000000724
2737.6000000012937
3571.600000004328
3741.600000004946
4566.400000007947
4585.900000008018
4739.300000008576
5568.200000011591
5584.800000011652
6586.200000015295
6754.000000015905
6918.000000016502
7593.000000018957
7739.30000001949
7814.200000019762
8571.000000015621
8603.700000015146
8763.50000001282
9575.700000001
9752.199999998433
590.200000000111
734.19999999998
1596.8999999991954
1762.199999999045
1852.2999999989631
2583.9000000007345
3585.700000004379
3768.200000005043
4575.40000000798
4745.600000008599
5576.900000011623
6596.500000015332
6757.300000015917
6918.500000016504
7598.600000018978
7754.400000019545
8577.400000015528
8620.000000014908
8766.200000012781
9577.90000000097
9752.39999999843
584.9000000001158
733.6999999999805
1598.8999999991936
1777.9999999990307
2588.10000000075
3584.000000004373
4567.700000007952
4590.5000000080345
4745.100000008597
5572.1000000116055
6604.900000015363
6765.700000015948
6918.200000016503
7801.500000019716
8576.700000015539
9577.80000000097
9755.299999998388
568.9000000001304
735.6999999999787
1596.7999999991955
1770.099999999038
1862.7999999989536
2579.300000000718
2972.1000000021468
3568.000000004314
3785.700000005106
4565.900000007945
4585.500000008016
4795.40000000878
5566.300000011584
6575.400000015256
6763.900000015941
6916.000000016495
7787.100000019664
8569.200000015648
8613.00000001501
8785.100000012506
8906.700000010736
9573.500000001031
9754.099999998403
9795.6999999978
577.1000000001229
737.499999999977
1597.399999999195
1771.9999999990362
2582.5000000007294
3580.200000004359
4574.500000007976
5575.4000000116175
6593.300000015321
6764.000000015942
6918.900000016505
7598.100000018976
7801.800000019717
8576.900000015536
8618.200000014935
9577.700000000972
9754.4999999984
569.1000000001302
731.2999999999827
1585.5999999992057
1596.999999999195
1760.2999999990468
1848.099999998967
2578.1000000007134
2730.9000000012693
3566.600000004309
3739.5000000049386
3910.30000000556
4565.500000007944
4584.600000008013
4738.100000008571
5566.100000011584
5583.300000011646
6574.00000001525
6606.400000015368
6749.300000015888
6879.800000016363
6920.800000016512
7587.200000018936
7738.300000019486
7807.800000019739
8568.30000001566
8586.2000000154
8730.400000013302
8900.30000001083
9572.700000001045
9587.100000000835
9749.999999998465
737.1999999999773
1610.0999999991834
4578.400000007991
5582.500000011643
6769.10000001596
6919.600000016508
7816.2000000197695
8599.600000015205
9582.00000000091
9755.89999999838
569.7000000001296
734.7999999999795
1586.6999999992047
1767.69999999904
1873.9999999989436
2576.400000000707
2971.100000002143
3568.200000004316
3769.800000005049
4566.000000007945
4578.500000007991
4748.100000008608
5567.500000011589
5583.700000011648
6574.400000015252
6762.400000015936
6876.800000016352
6919.800000016508
7583.400000018923
7760.200000019566
7816.2000000197695
7944.200000020235
8569.00000001565
8601.600000015176
8768.800000012743
8898.400000010857
9572.500000001048
9754.4999999984
9890.899999996414
737.7999999999768
4582.400000008005
5584.700000011651
6777.700000015992
6919.900000016509
7819.20000001978
8600.900000015186
9582.900000000896
9757.799999998351
581.5000000001189
735.0999999999792
1597.0999999991952
1772.7999999990354
1860.9999999989552
2581.000000000724
2969.8000000021384
3578.800000004354
4572.400000007969
4587.400000008023
5574.700000011615
6587.000000015298
6765.200000015946
6875.100000016346
6920.700000016512
7594.700000018964
7794.500000019691
8576.000000015549
8609.300000015064
8903.00000001079
9576.50000000099
9754.599999998398
9942.999999995656
734.29999999998
1607.099999999186
1777.599999999031
4577.000000007985
5578.200000011628
6766.700000015951
6917.700000016501
7805.800000019732
8580.200000015488
8614.900000014983
9579.300000000949
9755.89999999838
576.0000000001239
731.1999999999828
1596.6999999991956
1761.8999999990451
1853.399999998962
2584.600000000737
2735.9000000012875
2969.400000002137
3578.1000000043514
3741.7000000049466
3915.1000000055774
4568.000000007953
4585.500000008016
4739.200000008575
5569.300000011595
5599.500000011705
6594.400000015325
6751.800000015897
6914.6000000164895
7604.600000019
7734.200000019471
7809.000000019743
7917.600000020138
8575.700000015553
8604.80000001513
8752.400000012982
8901.900000010806
9576.800000000983
9660.99999999976
9751.999999998436
9941.99999999567
575.4000000001245
733.4999999999807
1594.8999999991972
1771.199999999037
1860.199999998956
2581.600000000726
2970.1000000021395
3578.4000000043525
4571.000000007964
4585.500000008016
5572.200000011606
5592.300000011679
6587.7000000153
6763.50000001594
6917.5000000165
7593.300000018959
7754.700000019546
8575.700000015553
8600.400000015194
9575.800000001
9754.299999998402
592.3000000001091
733.2999999999809
1596.999999999195
1770.2999999990377
2590.600000000759
2732.900000001277
3743.100000004952
4574.400000007976
4598.900000008065
4740.6000000085805
5576.900000011623
6600.400000015346
6760.80000001593
6918.700000016504
7619.300000019053
7754.000000019543
7816.2000000197695
8579.600000015496
8602.100000015169
8749.600000013023
9578.400000000962
9640.100000000064
9754.299999998402
737.599999999977
1771.199999999037
3927.200000005621
4578.400000007991
5580.400000011636
6766.700000015951
6917.4000000165
7799.600000019709
8586.2000000154
8798.800000012307
9580.900000000926
9759.19999999833
593.7000000001078
732.099999999982
1597.6999999991947
1765.699999999042
2583.6000000007334
2733.1000000012773
3583.500000004371
3743.9000000049546
4571.300000007965
4589.100000008029
4739.200000008575
5575.300000011617
6598.300000015339
6755.20000001591
6919.200000016506
7732.400000019465
7822.100000019791
8577.600000015525
8765.100000012797
9577.80000000097
9753.499999998414
574.6000000001252
735.9999999999784
1595.199999999197
1777.9999999990307
2580.700000000723
3578.000000004351
4572.500000007969
4592.500000008042
5572.500000011607
5602.200000011715
6586.100000015294
6765.700000015948
6918.300000016503
7595.000000018965
7812.000000019754
8575.300000015559
8612.400000015019
9576.300000000992
9754.899999998392
570.5000000001289
736.1999999999782
1592.2999999991996
1771.199999999037
1867.0999999989497
2578.800000000716
3573.900000004336
4569.200000007957
4580.900000008
5570.300000011599
5586.300000011657
6578.500000015267
6765.500000015947
6918.500000016504
7588.800000018942
7794.2000000196895
8574.200000015575
8614.100000014994
9574.700000001016
9754.3999999984
573.3000000001264
732.7999999999813
1596.399999999196
1770.7999999990373
1860.7999999989556
2579.5000000007185
2974.300000002155
3574.400000004338
3775.100000005068
3916.200000005581
4568.200000007953
4579.400000007994
4744.700000008595
5569.100000011595
5581.900000011641
6586.100000015294
6764.700000015944
6878.300000016357
6918.100000016502
7594.200000018962
7756.100000019551
7803.300000019723
7916.100000020133
8573.400000015587
8613.00000001501
8772.900000012683
8899.500000010841
9575.10000000101
9754.799999998397
9862.39999999683
571.6000000001279
732.9999999999811
1592.599999999199
1771.9999999990362
1863.5999999989529
2578.2000000007138
2984.00000000219
3574.100000004337
4570.500000007962
4581.200000008001
4743.500000008591
5571.0000000116015
5583.300000011646
6578.400000015266
6594.500000015325
6764.000000015942
6917.800000016501
7588.10000001894
7763.300000019577
8572.700000015597
8602.500000015163
9574.300000001022
9754.4999999984
567.5000000001316
731.3999999999826
1591.8999999992
1765.2999999990425
1858.3999999989576
2577.0000000007094
2734.400000001282
3565.7000000043063
3743.6000000049535
4565.100000007942
4585.200000008015
4739.700000008577
5565.600000011582
5602.400000011716
6571.10000001524
6758.300000015921
6879.400000016361
6920.500000016511
7588.500000018941
7735.700000019477
7813.70000001976
8566.400000015688
8600.100000015198
8728.300000013332
8907.400000010726
9572.100000001054
9586.200000000848
9752.299999998431
734.4999999999798
1611.499999999182
4579.5000000079945
5582.400000011643
6768.500000015958
6919.700000016508
7811.500000019752
8599.400000015208
9581.500000000917
9756.399999998372
736.9999999999775
1773.399999999035
3918.000000005588
4579.800000007996
5584.700000011651
5786.200000012384
6768.300000015957
6915.600000016493
7793.300000019686
7918.500000020142
8603.600000015147
8776.200000012635
8904.800000010764
9580.400000000933
9758.199999998344
576.9000000001231
734.0999999999801
1596.6999999991956
1783.6999999990255
2581.800000000727
3579.700000004357
4571.300000007965
4587.100000008022
4747.100000008604
5574.500000011614
6590.40000001531
6765.500000015947
6918.600000016504
7593.500000018959
7812.500000019756
8577.000000015534
8609.60000001506
9577.10000000098
9755.299999998388
581.0000000001194
732.9999999999811
1599.2999999991932
1776.699999999032
2584.7000000007374
2967.9000000021315
3584.100000004373
4572.100000007968
4589.000000008029
5574.100000011613
5961.600000013023
6601.900000015352
6766.30000001595
6917.6000000165
7799.400000019708
7962.900000020303
8576.900000015536
8614.600000014987
8906.600000010738
9577.80000000097
9755.89999999838
9942.69999999566
581.1000000001193
734.4999999999798
1595.5999999991966
1772.199999999036
1857.0999999989588
2584.800000000738
2971.600000002145
3584.900000004376
4574.700000007977
4591.400000008038
5575.900000011619
6589.800000015308
6764.900000015945
6916.8000000164975
7596.200000018969
7801.100000019715
8577.500000015527
8601.30000001518
9578.200000000965
9754.699999998396
574.6000000001252
733.9999999999802
1595.4999999991967
1774.399999999034
1854.699999998961
2581.2000000007247
2974.700000002156
3575.7000000043427
4568.600000007955
4582.900000008007
5569.9000000115975
5587.5000000116615
6589.200000015306
6764.8000000159445
6880.400000016365
6919.900000016509
7594.900000018964
7798.800000019706
8575.400000015557
8604.80000001513
8915.300000010611
9575.900000000998
9754.699999998396
617.700000000086
731.4999999999825
1597.7999999991946
1774.8999999990335
2595.900000000778
2733.90000000128
3742.5000000049495
4580.800000007999
4738.500000008573
5582.800000011644
6601.900000015352
6763.100000015938
6919.600000016508
7734.900000019474
8588.200000015371
8601.200000015182
9582.400000000904
9754.599999998398
572.4000000001272
731.2999999999827
1596.4999999991958
1764.1999999990433
1862.8999999989533
2580.1000000007207
2742.3000000013108
3574.100000004337
3763.200000005025
3914.600000005576
4568.000000007953
4583.9000000080105
4740.700000008581
5568.8000000115935
5586.4000000116575
5779.200000012359
5928.400000012902
6580.800000015275
6761.400000015932
6878.500000016358
6918.700000016504
7592.900000018957
7733.400000019468
7798.200000019704
7915.800000020132
8573.100000015591
8622.500000014872
8761.900000012844
8902.400000010799
9574.300000001022
9754.999999998392
9905.199999996206
733.7999999999804
1598.1999999991942
1773.7999999990343
2598.4000000007877
4576.400000007983
4749.100000008612
5580.300000011635
6605.700000015366
6764.200000015942
6918.900000016505
7805.100000019729
8584.90000001542
8601.700000015175
9581.000000000924
9755.19999999839
583.7000000001169
734.9999999999793
1596.399999999196
1769.6999999990385
1862.0999999989544
2583.200000000732
2989.0000000022083
3583.6000000043714
4574.400000007976
4591.500000008038
5576.10000001162
6589.800000015308
6763.000000015938
6917.6000000165
7598.700000018978
7794.600000019691
8577.600000015525
8607.300000015093
8789.00000001245
9578.300000000963
9753.899999998408
614.8000000000886
734.5999999999797
1598.399999999194
2592.2000000007647
4577.800000007988
5579.000000011631
6604.700000015362
6766.600000015951
6918.700000016504
7821.200000019788
8583.000000015447
8602.800000015159
9579.300000000949
9755.79999999838
570.2000000001292
731.6999999999823
1586.8999999992045
1768.5999999990393
1863.9999999989525
2578.700000000716
2984.00000000219
3571.0000000043256
3768.9000000050455
3916.700000005583
4566.700000007948
4580.400000007998
4742.900000008589
5568.200000011591
5580.000000011634
5916.700000012859
6576.200000015258
6763.7000000159405
6878.300000016357
6918.400000016503
7591.600000018952
7744.700000019509
7801.100000019715
7916.300000020134
8570.300000015632
8611.00000001504
8766.90000001277
8898.90000001085
9574.300000001022
9754.799999998397
9891.19999999641
605.2000000000974
734.4999999999798
1597.6999999991947
1771.4999999990366
2590.80000000076
4575.60000000798
5580.200000011635
6601.000000015349
6764.500000015943
6918.400000016503
7808.600000019742
8581.800000015464
8602.100000015169
9580.900000000926
9755.19999999839
731.5999999999824
1600.499999999192
1773.199999999035
2734.000000001281
3746.400000004964
4580.700000007999
4738.800000008574
5583.000000011645
6763.60000001594
6918.800000016505
7735.800000019477
7817.000000019772
8599.200000015211
8769.200000012737
9582.400000000904
9755.599999998383
597.900000000104
734.8999999999794
1597.0999999991952
1770.8999999990372
1876.699999998941
2589.1000000007534
3588.100000004388
4574.400000007976
4600.800000008072
4751.30000000862
5577.200000011624
6596.300000015332
6763.800000015941
6919.400000016507
7595.500000018967
7808.00000001974
8578.60000001551
8604.000000015141
9578.60000000096
9754.899999998392
733.199999999981
1597.6999999991947
1767.2999999990404
2601.9000000008
3766.300000005036
4577.700000007988
4741.100000008582
5580.9000000116375
6607.200000015371
6757.1000000159165
6918.100000016502
7758.400000019559
8588.100000015373
8599.900000015201
8814.500000012078
9582.100000000908
9754.4999999984
620.1000000000838
736.8999999999776
1597.299999999195
2591.0000000007603
4568.700000007955
5571.900000011605
6601.40000001535
6766.600000015951
6919.200000016506
7813.800000019761
8578.100000015518
8613.100000015009
9580.200000000936
9755.399999998386
579.0000000001212
736.5999999999779
1597.399999999195
1771.6999999990364
1872.299999998945
2583.4000000007327
2982.8000000021857
3580.9000000043616
4574.000000007974
5574.600000011615
6595.600000015329
6764.700000015944
6918.500000016504
7803.900000019725
8576.900000015536
8617.80000001494
9577.400000000976
9755.299999998388
601.8000000001005
735.6999999999787
1601.399999999191
1795.8999999990144
2598.2000000007865
3582.2000000043663
4575.40000000798
5577.500000011625
6768.300000015957
6919.300000016507
7794.900000019692
8577.700000015524
9578.100000000966
9756.099999998376
732.1999999999819
1597.4999999991949
1771.2999999990368
2591.700000000763
2738.1000000012955
2976.2000000021617
3773.700000005063
3918.400000005589
4573.900000007974
4740.000000008578
5576.800000011623
6600.000000015345
6760.4000000159285
6917.4000000165
7609.700000019018
7746.400000019516
7823.400000019796
8579.3000000155
8603.300000015151
8769.400000012734
8910.100000010687
9578.800000000956
9753.399999998415
737.3999999999771
1598.7999999991937
4576.900000007985
5582.100000011642
6771.300000015968
6920.20000001651
7821.700000019789
8597.800000015231
9582.200000000908
9757.499999998356
730.6999999999832
1598.599999999194
1763.499999999044
2599.000000000789
2730.600000001268
2976.500000002163
3740.500000004942
4574.900000007978
4736.000000008564
5577.100000011624
6610.000000015381
6751.100000015895
6917.4000000165
7731.400000019461
7813.000000019758
8582.600000015453
8610.700000015044
8739.800000013165
9579.90000000094
9751.59999999844
575.7000000001242
735.299999999979
1598.1999999991942
1770.1999999990378
1849.5999999989656
2582.8000000007305
2842.100000001674
2970.9000000021424
3580.50000000436
3794.500000005138
4569.100000007957
4584.600000008013
5570.300000011599
5586.4000000116575
6597.900000015337
6762.800000015937
6875.3000000163465
6919.500000016507
7791.200000019679
8574.800000015566
8621.000000014894
8796.700000012337
8901.70000001081
9576.800000000983
9754.899999998392
9797.899999997768
602.0000000001003
739.8999999999749
1596.5999999991957
2588.700000000752
3595.7000000044154
4576.800000007985
5578.300000011628
6598.000000015338
6768.400000015958
6918.800000016505
7610.20000001902
8578.900000015507
8602.300000015166
9578.60000000096
9755.999999998376
574.9000000001249
734.6999999999796
1594.2999999991978
1761.099999999046
1851.8999999989635
2581.300000000725
2972.8000000021493
3576.600000004346
3771.3000000050542
4569.200000007957
4580.100000007997
4751.900000008622
5571.300000011603
5584.100000011649
6586.300000015295
6761.100000015931
6891.000000016404
7591.400000018952
7755.300000019548
8574.900000015565
8602.400000015165
8765.000000012798
9575.800000001
9753.399999998415
569.2000000001301
732.2999999999818
1594.8999999991972
1765.7999999990418
1856.899999998959
2579.300000000718
2971.7000000021453
3566.600000004309
3744.000000004955
4565.900000007945
4585.600000008017
4740.100000008579
5566.6000000115855
5586.200000011657
6577.900000015265
6602.900000015356
6760.100000015927
6880.800000016367
6919.700000016508
7589.600000018945
7753.20000001954
7829.800000019819
8568.600000015656
8597.400000015237
8759.000000012886
8931.500000010376
9574.300000001022
9753.199999998418
9954.299999995492
597.7000000001042
736.499999999978
1597.5999999991948
1863.1999999989528
2587.7000000007483
3589.800000004394
4575.800000007981
5577.000000011623
6596.900000015334
6766.500000015951
6919.0000000165055
7601.500000018988
7816.100000019769
8578.200000015517
8602.400000015165
9578.000000000968
9755.09999999839
578.8000000001214
735.399999999979
1595.9999999991962
2586.200000000743
3580.1000000043587
4568.600000007955
4590.000000008033
5572.1000000116055
6595.90000001533
6766.900000015952
6919.200000016506
7598.5000000189775
7801.700000019717
8576.000000015549
8607.300000015093
9577.500000000977
9756.599999998369
569.9000000001295
733.099999999981
1591.9999999992
1768.799999999039
1857.199999998959
2578.9000000007163
2973.300000002151
3570.800000004325
3769.700000005048
4566.600000007948
4583.200000008008
4744.400000008594
5567.600000011589
5583.1000000116455
6575.100000015254
6603.400000015357
6762.900000015938
6917.000000016498
7591.700000018953
7757.100000019554
7821.90000001979
8570.600000015627
8598.400000015223
8773.500000012675
9574.40000000102
9753.999999998408
732.2999999999818
1599.9999999991926
1764.6999999990428
1857.799999998958
2599.400000000791
2980.8000000021784
3767.8000000050415
4574.900000007978
4740.100000008579
5577.300000011624
6613.500000015394
6760.600000015929
6916.900000016498
7746.400000019516
7810.90000001975
8581.300000015472
8611.00000001504
8771.300000012707
8910.60000001068
9579.20000000095
9752.299999998431
573.1000000001266
732.5999999999815
1591.8999999992
1769.899999999038
1906.9999999989132
2579.0000000007167
2971.2000000021435
3575.300000004341
3747.300000004967
3909.300000005556
4569.90000000796
4582.600000008006
4749.000000008611
5570.800000011601
5583.200000011646
5916.80000001286
6577.700000015264
6765.200000015946
6908.600000016468
6919.800000016508
7584.100000018925
7761.100000019569
7916.500000020134
8573.600000015584
8611.60000001503
8727.80000001334
8898.000000010863
9574.200000001025
9755.299999998388
9901.799999996256
576.5000000001235
734.7999999999795
1595.9999999991962
1772.099999999036
1863.6999999989528
2582.100000000728
2975.9000000021606
3579.2000000043554
4570.00000000796
4585.200000008015
5573.30000001161
6590.100000015309
6765.000000015945
6917.5000000165
7599.400000018981
7801.800000019717
8576.200000015546
8604.700000015131
9576.50000000099
9754.799999998397
568.1000000001311
734.4999999999798
1594.799999999197
1775.7999999990327
2578.4000000007145
3565.100000004304
4564.40000000794
4588.900000008029
4751.100000008619
5565.400000011581
5607.200000011733
6574.400000015252
6766.000000015949
6917.800000016501
7593.100000018958
7805.700000019731
8567.00000001568
8600.70000001519
9572.500000001048
9755.79999999838
570.1000000001293
733.9999999999802
887.099999999841
1580.69999999921
1597.1999999991951
1771.7999999990363
1852.8999999989624
2579.5000000007185
2846.800000001691
2978.4000000021697
3572.500000004331
3800.20000000516
3870.800000005416
4568.400000007954
4579.200000007993
5569.800000011597
5581.70000001164
5871.700000012695
6586.500000015296
6764.500000015943
6868.900000016323
6916.8000000164975
7594.800000018964
7789.8000000196735
7884.800000020019
7923.50000002016
8572.700000015597
8611.200000015036
8778.100000012608
8891.000000010965
9574.700000001016
9755.09999999839
9869.499999996726
576.0000000001239
731.4999999999825
1597.4999999991949
1758.2999999990486
1851.499999998964
2586.800000000745
2733.1000000012773
3585.200000004377
3743.6000000049535
4571.200000007964
4586.900000008021
4739.600000008577
5572.700000011608
6599.100000015342
6752.5000000159
6893.200000016412
7736.400000019479
7798.700000019706
8576.800000015537
8619.700000014913
8757.500000012908
8902.500000010798
9577.10000000098
9751.199999998447
616.5000000000871
736.399999999978
1599.499999999193
1784.199999999025
1859.2999999989568
2597.000000000782
3596.0000000044165
4573.700000007973
5576.00000001162
6611.4000000153865
6767.700000015955
6919.0000000165055
7792.800000019684
8578.60000001551
8619.90000001491
8805.800000012205
9578.800000000956
9755.999999998376
736.7999999999777
1601.699999999191
2969.5000000021373
4579.5000000079945
5582.200000011642
6770.200000015964
6917.800000016501
7813.50000001976
7958.100000020286
8597.90000001523
9582.100000000908
9757.399999998355
9950.99999999554
573.6000000001261
737.0999999999774
927.2999999998044
1597.0999999991952
1784.299999999025
1887.4999999989311
2580.1000000007207
3577.9000000043507
3903.500000005535
4568.900000007956
4582.000000008004
5569.300000011595
5580.600000011636
5898.300000012792
6583.100000015284
6769.2000000159605
6877.300000016354
6918.400000016503
7588.700000018942
7796.100000019696
7909.300000020108
8574.900000015565
8895.000000010907
9575.000000001011
9756.799999998366
9890.699999996415
576.1000000001238
733.199999999981
1598.399999999194
1771.3999999990367
1849.2999999989656
2584.4000000007363
2978.700000002171
3578.200000004352
3775.900000005071
3911.500000005564
4569.200000007957
4585.900000008018
4750.800000008618
5570.7000000116
5613.200000011755
5918.700000012866
6592.300000015317
6764.600000015944
6879.7000000163625
6920.30000001651
7761.40000001957
8575.20000001556
8616.700000014956
8786.100000012491
8896.900000010879
9576.300000000992
9754.3999999984
9890.999999996411
603.6000000000988
730.3999999999835
1596.8999999991954
1757.899999999049
1846.5999999989683
2584.4000000007363
2731.10000000127
2837.4000000016567
3587.2000000043845
3731.400000004909
3856.700000005365
4570.10000000796
4585.500000008016
4736.2000000085645
5575.700000011619
5841.800000012587
6597.500000015336
6750.000000015891
6913.800000016487
7598.000000018976
7727.100000019445
7809.6000000197455
8577.200000015531
8603.800000015144
8727.600000013343
9578.000000000968
9750.99999999845
579.3000000001209
731.8999999999821
1598.599999999194
1772.199999999036
1847.199999998968
2584.000000000735
2738.500000001297
3583.700000004372
3745.900000004962
3854.400000005357
4572.300000007968
4739.5000000085765
5574.200000011613
5910.500000012837
6600.100000015345
6764.200000015942
6876.500000016351
7737.300000019482
7796.100000019696
7918.800000020143
8576.800000015537
8631.200000014745
8769.900000012727
8894.600000010912
9577.400000000976
9753.699999998413
9801.89999999771
9892.099999996395
574.800000000125
733.3999999999808
1596.6999999991956
1764.599999999043
1863.399999998953
2582.400000000729
3575.800000004343
3769.600000005048
4567.800000007952
4586.700000008021
4743.600000008591
5569.500000011596
5598.400000011701
6590.100000015309
6753.300000015903
6770.400000015965
6894.000000016415
6922.000000016516
7594.800000018964
7752.400000019537
7806.700000019735
8573.300000015588
8613.300000015006
8767.60000001276
8906.800000010735
9575.800000001
9751.899999998435
571.1000000001284
732.3999999999817
1596.199999999196
1768.2999999990395
1859.1999999989569
2582.3000000007287
2957.600000002094
3577.100000004348
3923.200000005607
4567.900000007952
4583.9000000080105
4749.400000008613
5570.5000000116
5585.3000000116535
6587.800000015301
6763.50000001594
6914.000000016487
7593.400000018959
7772.600000019611
8574.400000015572
8601.600000015176
8769.900000012727
8905.900000010748
9576.300000000992
9755.599999998383
9950.399999995549
735.0999999999792
1612.0999999991816
1858.899999998957
4577.700000007988
5579.8000000116335
6767.600000015955
6919.300000016507
7811.000000019751
8596.600000015249
9582.7000000009
9757.499999998356
578.9000000001213
731.6999999999823
1597.7999999991946
1755.8999999990508
1844.4999999989705
2583.6000000007334
2731.10000000127
2823.900000001608
2980.100000002176
3579.8000000043576
3740.900000004944
3843.400000005317
3920.300000005596
4571.200000007964
4589.20000000803
4739.5000000085765
4857.000000009004
5571.800000011604
5781.800000012368
5896.300000012785
6597.500000015336
6752.400000015899
6854.000000016269
6918.200000016503
7731.500000019461
7795.500000019694
7918.400000020141
8575.500000015556
8615.10000001498
8750.100000013015
8895.200000010904
9576.600000000988
9751.099999998449
9797.79999999777
9891.19999999641
571.6000000001279
734.0999999999801
1595.4999999991967
1775.6999999990328
2580.700000000723
3575.4000000043416
4568.300000007954
4583.200000008008
4744.600000008595
5568.900000011594
5583.400000011647
6581.700000015278
6763.7000000159405
6918.200000016503
7592.200000018955
7793.900000019688
8574.100000015576
8602.300000015166
9575.700000001
9657.699999999808
9755.499999998385
573.1000000001266
735.299999999979
1596.7999999991955
1774.5999999990338
1851.9999999989636
2580.500000000722
2974.5000000021555
3576.2000000043445
3858.10000000537
4569.800000007959
4583.80000000801
5570.7000000116
5900.4000000128
6585.600000015293
6766.100000015949
6874.700000016344
6918.000000016502
7597.000000018972
7795.600000019695
7913.5000000201235
8574.50000001557
8624.400000014844
8895.4000000109
9575.10000000101
9755.499999998385
9889.699999996432
732.9999999999811
1600.3999999991922
1753.9999999990523
1844.69999999897
2591.400000000762
2729.8000000012653
2831.100000001634
2973.7000000021526
3729.300000004901
3845.400000005324
4575.900000007981
4738.700000008574
5577.700000011626
5759.400000012287
6599.600000015344
6746.900000015879
6851.1000000162585
6920.1000000165095
7727.900000019448
7766.500000019589
7843.4000000198685
8579.4000000155
8630.90000001475
8728.700000013327
8902.100000010803
9578.800000000956
9748.499999998488
9777.79999999806
573.4000000001263
727.599999999986
804.2999999999163
1594.9999999991971
1763.5999999990438
1846.699999998968
2579.0000000007167
2727.7000000012576
2849.000000001699
2981.1000000021795
3575.00000000434
3736.500000004928
3858.10000000537
3913.500000005572
4568.400000007954
4578.600000007991
4728.700000008537
4742.400000008587
5569.000000011594
5578.300000011628
5898.100000012792
6584.100000015287
6749.600000015889
6874.600000016344
6918.000000016502
7590.000000018947
7727.200000019446
7793.400000019687
7911.000000020114
8573.400000015587
8612.900000015012
8722.600000013415
8803.100000012244
8895.000000010907
9574.50000000102
9750.899999998452
9795.899999997797
9887.79999999646
597.6000000001043
735.0999999999792
1597.4999999991949
1769.4999999990384
1847.5999999989676
2590.0000000007567
3587.2000000043845
3853.8000000053535
4570.700000007962
4589.700000008032
5573.600000011611
6601.000000015349
6764.200000015942
6917.5000000165
7616.500000019043
7801.000000019714
8577.30000001553
8613.900000014997
9577.90000000097
9755.499999998385
9959.099999995422
641.5000000000643
736.9999999999775
1606.099999999187
1796.9999999990134
2595.900000000778
2972.700000002149
4577.100000007986
5578.90000001163
6628.600000015449
6768.400000015958
6919.100000016506
7801.700000019717
8581.500000015469
8614.700000014986
9579.300000000949
9657.299999999814
9756.199999998376
575.3000000001246
733.199999999981
1595.4999999991967
1766.599999999041
1856.799999998959
2582.8000000007305
2976.800000002164
3577.70000000435
4571.500000007965
4597.50000000806
4753.000000008626
5571.600000011604
5603.200000011719
6592.100000015316
6762.200000015935
6918.200000016503
7594.1000000189615
7755.700000019549
8575.400000015557
8600.500000015192
9576.600000000988
9753.399999998415
591.2000000001101
731.1999999999828
1597.8999999991945
1756.1999999990503
1844.1999999989705
2586.1000000007425
2730.800000001269
2842.200000001674
2974.8000000021566
3585.100000004377
3740.3000000049415
3843.9000000053184
4571.800000007966
4592.300000008041
4738.500000008573
5573.800000011612
5774.4000000123415
6599.100000015342
6748.100000015884
6849.900000016254
6917.300000016499
7733.500000019469
7793.600000019687
7920.200000020148
8576.700000015539
8610.600000015045
8729.20000001332
8899.400000010843
9577.500000000977
9748.699999998484
9783.29999999798
9892.199999996395
