6917.4000000165
990.399999999747
2973.7000000021526
6922.000000016516
7976.400000020352
979.0999999997572
1841.499999998973
2373.599999999969
2969.3000000021366
3187.3000000029297
4073.5000000061536
5328.70000001072
6018.100000013228
6916.200000016495
7435.800000018386
9886.799999996474
1381.1999999993916
1840.5999999989735
2373.3999999999687
3030.100000002358
3187.0000000029286
3688.4000000047527
3839.5000000053024
4073.200000006153
4502.600000007715
5029.600000009632
5328.500000010719
6018.100000013228
6916.300000016496
7435.600000018385
2968.8000000021348
4293.1000000069525
4502.900000007716
5328.900000010721
6916.600000016497
7435.900000018386
8599.600000015205
979.1999999997572
1596.6999999991956
1841.099999998973
2373.199999999968
3029.100000002354
3186.600000002927
3688.000000004751
4073.100000006152
4502.600000007715
5029.400000009631
5328.400000010719
6018.200000013228
6389.400000014579
6916.000000016495
7435.300000018384
8104.300000020818
4074.000000006156
5329.300000010722
6917.000000016498
8599.800000015202
6917.6000000165
1480.799999999301
1596.199999999196
1680.999999999119
2372.699999999966
2709.0000000011896
2968.4000000021333
3029.2000000023545
3687.3000000047487
4072.6000000061504
4502.200000007713
4832.700000008916
5028.800000009629
5328.0000000107175
6017.500000013226
6388.700000014576
6915.7000000164935
7088.100000017121
7434.800000018382
8103.800000020816
9037.300000008836
9886.499999996478
2377.099999999982
1596.399999999196
1841.299999998973
2372.9999999999677
2969.100000002136
3687.500000004749
4072.900000006152
4502.300000007714
5029.200000009631
5328.200000010718
6017.600000013226
6389.200000014578
6915.900000016494
7435.100000018383
8104.100000020817
9886.39999999648
8630.500000014756
6917.6000000165
979.1999999997572
1480.899999999301
1596.4999999991958
1840.8999999989733
2372.7999999999665
2968.4000000021333
3029.300000002355
3687.400000004749
3839.5000000053024
4072.700000006151
4502.200000007713
4833.200000008917
5028.900000009629
5328.100000010718
5445.700000011146
6017.500000013226
6388.900000014577
6915.900000016494
7088.400000017122
7168.700000017414
7434.900000018382
8104.000000020816
9886.199999996485
1841.5999999989729
2373.69999999997
2969.100000002136
3688.200000004752
4073.5000000061536
4293.1000000069525
5328.80000001072
6018.60000001323
6916.600000016497
7435.900000018386
7695.40000001933
725.1999999999882
978.399999999758
1480.5999999993012
1595.9999999991962
1840.6999999989737
2372.699999999966
2967.6000000021304
3028.7000000023527
3186.2000000029257
3686.800000004747
4072.6000000061504
4502.0000000077125
5327.900000010717
6017.100000013224
6388.700000014576
6915.400000016492
7168.000000017411
7434.500000018381
8103.800000020816
9886.499999996478
6917.5000000165
2377.099999999982
6918.200000016503
978.7999999997576
1596.5999999991957
1840.9999999989732
2372.899999999967
2968.300000002133
3029.300000002355
3687.70000000475
3839.900000005304
4072.800000006151
4502.300000007714
5328.200000010718
6017.600000013226
6389.000000014577
6915.900000016494
7088.500000017122
7435.000000018383
8104.200000020817
6404.600000014634
6917.200000016499
1841.099999998973
6916.8000000164975
7436.200000018387
8599.700000015204
6916.400000016496
8599.800000015202
978.9999999997574
1480.699999999301
1596.099999999196
1839.7999999989745
2372.599999999966
3028.9000000023534
3687.200000004748
3914.400000005575
4072.900000006152
4502.0000000077125
4832.300000008914
5028.700000009629
5327.900000010717
5445.400000011145
6017.300000013225
6388.500000014576
6915.600000016493
7088.100000017121
7168.200000017412
7434.600000018381
8103.700000020815
8452.300000017349
9885.899999996487
1840.9999999989732
4074.400000006157
6916.8000000164975
8600.200000015197
725.499999999988
978.4999999997578
1480.699999999301
1596.199999999196
1680.999999999119
1840.6999999989737
2372.599999999966
3029.0000000023538
3687.3000000047487
3915.300000005578
4073.200000006153
4502.200000007713
4832.900000008916
5328.0000000107175
6017.200000013225
6388.600000014576
6761.100000015931
6915.800000016494
7088.200000017121
7168.500000017413
7434.700000018382
7753.900000019543
8103.900000020816
8452.300000017349
9739.799999998611
9886.699999996476
979.6999999997568
4073.8000000061543
5329.1000000107215
6916.500000016496
1841.799999998973
2373.499999999969
2968.7000000021344
3030.200000002358
3688.000000004751
4073.400000006153
4292.800000006951
4502.600000007715
5328.60000001072
6018.300000013229
6916.100000016495
7435.600000018385
8104.500000020818
351.60000000014566
725.1999999999882
978.4999999997578
1595.7999999991964
1680.6999999991192
1840.5999999989735
2029.2999999988024
2372.399999999965
3028.500000002352
3687.000000004748
3839.000000005301
3914.9000000055767
4073.200000006153
4410.70000000738
4502.0000000077125
4833.200000008917
5029.300000009631
5327.800000010717
5445.200000011144
5565.5000000115815
6016.900000013224
6388.200000014575
6915.500000016493
7087.90000001712
7168.200000017412
7434.500000018381
8103.700000020815
8452.100000017352
9037.00000000884
9886.499999996478
111.10000000009585
724.299999999989
978.6999999997576
1094.3999999996524
1595.6999999991965
1680.2999999991196
1839.9999999989743
2371.8999999999637
2597.3000000007837
2968.4000000021333
3028.7000000023527
3686.7000000047465
3837.600000005296
4072.800000006151
4832.300000008914
5328.400000010719
5444.900000011143
5565.5000000115815
6016.600000013223
6387.900000014573
6760.70000001593
6837.000000016207
7088.100000017121
7167.70000001741
7434.20000001838
7753.300000019541
8103.400000020814
8451.900000017355
9089.000000008084
9738.999999998625
9885.69999999649
9998.299999994852
6917.6000000165
1772.199999999036
3858.600000005372
6767.700000015955
6922.3000000165175
7844.200000019871
8769.200000012737
9766.89999999822
351.4000000001456
802.5999999999178
979.0999999997572
1094.2999999996523
1339.7999999994292
1595.7999999991964
1680.2999999991196
1840.4999999989736
2028.9999999988024
2371.999999999964
2597.500000000784
3028.300000002351
3686.900000004747
4021.700000005965
4072.700000006151
4410.200000007379
4832.800000008916
5028.300000009627
5328.500000010719
5444.900000011143
5752.200000012261
6016.800000013223
6387.900000014573
6760.90000001593
6915.400000016492
7088.00000001712
7167.900000017411
7434.4000000183805
7694.500000019327
7753.500000019541
8103.300000020814
8452.000000017353
9089.000000008084
9633.100000000166
9738.999999998625
9885.599999996492
9998.699999994846
6917.9000000165015
6917.100000016499
1712.5999999990902
3710.9000000048345
8707.100000013641
9775.399999998095
802.5999999999178
1094.3999999996524
1595.7999999991964
1680.3999999991197
2029.0999999988023
2372.099999999964
2597.6000000007843
2968.900000002135
3029.100000002354
3686.800000004747
3914.3000000055754
4072.900000006152
4501.800000007712
4832.300000008914
5028.400000009628
5328.500000010719
5445.000000011143
6016.900000013224
6388.000000014574
6915.300000016492
7087.600000017119
7167.800000017411
7434.30000001838
7695.000000019329
8103.500000020815
8451.900000017355
8576.100000015547
9036.700000008845
9633.200000000164
9739.29999999862
9885.599999996492
6955.400000016638
7977.200000020355
2969.3000000021366
4074.000000006156
6916.600000016497
7436.300000018387
8599.900000015201
6918.100000016502
6917.800000016501
1840.8999999989733
2373.69999999997
4073.7000000061535
4502.800000007715
5328.80000001072
7436.000000018386
1841.6999999989728
2373.3999999999687
3030.100000002358
3688.300000004752
4073.400000006153
5328.500000010719
6018.300000013229
6389.80000001458
6916.000000016495
7435.500000018384
4074.300000006157
6916.700000016497
8600.200000015197
6923.500000016522
979.2999999997572
1596.8999999991954
1841.1999999989728
2373.2999999999683
3029.7000000023563
3186.800000002928
3688.200000004752
4073.200000006153
4502.800000007715
5328.500000010719
6389.60000001458
6916.100000016495
7435.600000018385
9886.799999996474
4074.6000000061576
6917.5000000165
110.70000000009586
350.9000000001455
551.0000000001467
724.0999999999892
923.8999999998076
977.8999999997584
1093.9999999996528
1380.599999999392
1595.3999999991968
1679.9999999991198
1840.399999998974
2028.4999999988029
2371.499999999962
2597.500000000784
2968.2000000021326
3028.6000000023523
3686.600000004746
3838.2000000052976
4021.2000000059634
4072.4000000061496
4292.800000006951
4409.800000007377
4560.000000007924
4832.500000008915
5028.1000000096265
5328.400000010719
5444.500000011141
5751.700000012259
6016.400000013222
6073.2000000134285
6387.600000014572
6554.100000015178
6760.000000015927
6915.000000016491
7018.300000016867
7087.80000001712
7167.60000001741
7434.800000018382
7753.10000001954
8103.100000020813
8156.800000021009
8451.900000017355
9036.700000008845
9738.59999999863
9931.599999995822
2373.499999999969
3030.200000002358
3187.3000000029297
3687.70000000475
4073.5000000061536
4502.500000007714
5328.60000001072
6916.000000016495
7435.500000018384
1841.499999998973
2373.79999999997
2968.900000002135
3030.60000000236
3187.6000000029308
4073.7000000061535
5328.900000010721
6916.500000016496
7436.000000018386
981.3999999997552
2070.6999999988675
2973.4000000021515
5032.700000009643
6922.400000016518
7981.700000020372
8611.200000015036
1841.8999999989728
2969.3000000021366
4073.400000006153
4502.900000007716
5328.80000001072
6018.200000013228
6916.100000016495
7435.900000018386
8105.00000002082
1841.1999999989728
3703.400000004807
4074.000000006156
6916.900000016498
7436.500000018388
8600.100000015198
6916.900000016498
4074.400000006157
6917.100000016499
4073.8000000061543
5329.000000010721
6916.400000016496
6404.400000014633
6917.300000016499
4073.900000006155
5329.1000000107215
6916.600000016497
7436.200000018387
979.1999999997572
4073.600000006154
6916.500000016496
1841.1999999989728
2373.3999999999687
2968.900000002135
3187.2000000029293
4073.400000006153
4502.700000007715
5328.60000001072
6916.100000016495
7435.700000018385
979.4999999997568
1841.8999999989728
2969.3000000021366
3187.900000002932
4073.8000000061543
6916.900000016498
7436.400000018388
978.6999999997576
1596.6999999991956
1841.299999998973
2373.099999999968
3029.300000002355
3186.5000000029268
3687.900000004751
4072.900000006152
4502.500000007714
5029.300000009631
5328.300000010719
6017.900000013227
6389.200000014578
6916.100000016495
7088.700000017123
7435.200000018383
8104.200000020817
9886.499999996478
3030.70000000236
3187.6000000029308
4073.8000000061543
5329.000000010721
6916.8000000164975
7436.200000018387
725.5999999999879
1480.899999999301
1596.299999999196
1840.399999998974
2372.899999999967
3029.4000000023552
3687.400000004749
3915.000000005577
4072.6000000061504
4502.200000007713
4833.500000008919
5028.900000009629
5328.0000000107175
6017.600000013226
6389.000000014577
6915.500000016493
7434.900000018382
7697.900000019339
8104.000000020816
9886.099999996484
6404.000000014632
6916.900000016498
8600.300000015195
725.2999999999881
978.7999999997576
1480.5999999993012
1596.099999999196
1680.899999999119
1840.8999999989733
2372.599999999966
3687.000000004748
3914.9000000055767
4073.200000006153
4501.800000007712
5028.800000009629
5327.800000010717
5564.800000011579
6017.300000013225
6388.600000014576
6915.400000016492
7087.90000001712
7168.100000017412
7434.500000018381
8103.600000020815
8452.20000001735
9886.499999996478
4074.400000006157
6404.200000014633
6916.600000016497
2968.4000000021333
6916.500000016496
7436.300000018387
8599.800000015202
2972.200000002147
5040.600000009672
6918.200000016503
7979.600000020364
8611.60000001503
9944.399999995636
6917.5000000165
725.7999999999877
1480.9999999993008
1596.4999999991958
1841.099999998973
2372.899999999967
2969.3000000021366
3687.400000004749
3840.000000005304
4072.700000006151
4502.400000007714
5029.10000000963
5328.100000010718
5445.800000011146
6017.700000013227
6389.000000014577
6915.7000000164935
7088.300000017121
7435.000000018383
8104.100000020817
8452.600000017344
9886.39999999648
6917.9000000165015
1841.799999998973
4074.100000006156
6916.500000016496
8599.900000015201
6918.000000016502
2373.79999999997
3187.5000000029304
4073.600000006154
5328.80000001072
6916.400000016496
7436.000000018386
8599.700000015204
725.6999999999878
978.6999999997576
1480.899999999301
1596.099999999196
1841.099999998973
2372.7999999999665
2969.100000002136
3030.0000000023574
3687.500000004749
3839.800000005304
3915.2000000055777
4072.700000006151
4502.200000007713
5029.500000009632
5328.100000010718
6017.4000000132255
6388.900000014577
6915.7000000164935
7434.900000018382
8104.000000020816
8452.600000017344
9886.699999996476
6404.500000014634
6917.200000016499
6917.700000016501
725.6999999999878
1596.4999999991958
1841.1999999989728
2372.899999999967
2968.900000002135
3029.8000000023567
3687.3000000047487
3914.9000000055767
4072.700000006151
4502.300000007714
5029.00000000963
5328.100000010718
5445.700000011146
6017.700000013227
6388.900000014577
6915.400000016492
7088.300000017121
7434.900000018382
8103.900000020816
9886.29999999648
2373.69999999997
2969.3000000021366
3187.40000000293
4073.600000006154
4502.700000007715
5328.80000001072
6018.400000013229
6916.300000016496
7435.900000018386
6917.100000016499
725.5999999999879
979.399999999757
1480.699999999301
1596.199999999196
1680.999999999119
1840.8999999989733
2372.599999999966
3028.800000002353
3687.3000000047487
3839.600000005303
3915.000000005577
4073.200000006153
4502.0000000077125
5028.700000009629
5327.900000010717
5445.400000011145
6017.300000013225
6388.600000014576
6915.600000016493
7088.100000017121
7168.3000000174125
7434.600000018381
8103.800000020816
8452.20000001735
9037.200000008836
9885.899999996487
4074.400000006157
6403.900000014632
6916.700000016497
1596.299999999196
1840.8999999989733
2372.899999999967
2968.300000002133
3029.2000000023545
3186.4000000029264
3687.500000004749
3839.700000005303
4072.800000006151
4502.300000007714
5029.10000000963
5328.100000010718
6017.600000013226
6915.600000016493
7435.000000018383
8104.200000020817
9885.899999996487
2982.5000000021846
6944.9000000166
7979.600000020364
8615.400000014975
6404.500000014634
6917.300000016499
725.1999999999882
978.7999999997576
1094.6999999996522
1340.099999999429
1595.7999999991964
1680.5999999991193
1840.5999999989735
2029.1999999988025
2372.1999999999643
2968.7000000021344
3029.2000000023545
3687.000000004748
4073.100000006152
4410.50000000738
4832.900000008916
5029.00000000963
5328.500000010719
5445.100000011144
5565.700000011582
6016.900000013224
6266.10000001413
6388.200000014575
6915.300000016492
7088.200000017121
7168.100000017412
7434.4000000183805
7753.700000019542
8103.600000020815
8452.100000017352
8576.200000015546
9036.900000008842
9633.200000000164
9739.499999998618
9885.799999996489
2373.599999999969
2969.0000000021355
3030.200000002358
3187.40000000293
4073.600000006154
5328.70000001072
6018.300000013229
6916.300000016496
7435.800000018386
9886.499999996478
2968.7000000021344
4074.000000006156
8599.500000015207
4074.500000006157
6403.900000014632
6917.000000016498
4073.8000000061543
5329.1000000107215
6916.500000016496
7436.200000018387
724.5999999999888
978.7999999997576
1094.4999999996523
1339.8999999994292
1595.6999999991965
1680.2999999991196
1839.9999999989743
2372.099999999964
2597.500000000784
3028.300000002351
3686.800000004747
4072.900000006152
4832.500000008915
5029.00000000963
5328.400000010719
5444.900000011143
5565.600000011582
6016.700000013223
6388.000000014574
6914.900000016491
7088.00000001712
7167.70000001741
7434.20000001838
8103.400000020814
8452.000000017353
9089.100000008082
9633.100000000166
9739.099999998623
9998.299999994852
6404.600000014634
1841.6999999989728
2373.599999999969
2968.8000000021348
3187.3000000029297
4073.400000006153
4502.800000007715
5328.70000001072
6018.5000000132295
6916.500000016496
7435.700000018385
1381.2999999993915
1840.6999999989737
2373.3999999999687
2968.900000002135
3030.200000002358
3187.100000002929
3688.4000000047527
3839.200000005301
4073.400000006153
4502.600000007715
4833.700000008919
5029.800000009633
5328.60000001072
6915.800000016494
7435.600000018385
725.399999999988
977.8999999997584
1480.799999999301
1595.9999999991962
1680.999999999119
1840.8999999989733
2029.7999999988017
2372.699999999966
3028.800000002353
3186.1000000029253
3687.400000004749
3915.300000005578
4073.200000006153
4502.200000007713
4833.300000008918
5328.0000000107175
5445.500000011145
6017.4000000132255
6388.600000014576
6915.7000000164935
7088.200000017121
7168.500000017413
7434.800000018382
8103.900000020816
8576.100000015547
9037.400000008834
9886.599999996475
6404.800000014635
6917.5000000165
2373.79999999997
3187.700000002931
4073.7000000061535
6916.400000016496
7436.100000018387
8599.500000015207
6917.300000016499
725.0999999999883
977.7999999997584
1480.4999999993013
1595.5999999991966
1680.5999999991193
1840.4999999989736
2029.399999998802
2597.400000000784
2968.600000002134
3029.500000002356
3687.100000004748
3838.8000000053
3914.600000005576
4072.900000006152
4410.50000000738
4501.900000007712
4832.900000008916
4979.70000000945
5029.400000009631
5328.60000001072
5445.100000011144
5565.5000000115815
6016.900000013224
6388.100000014574
6915.400000016492
7087.700000017119
7167.900000017411
7434.4000000183805
7753.600000019542
8103.600000020815
8452.100000017352
9739.499999998618
9979.099999995133
6922.000000016516
725.2999999999881
979.2999999997572
1596.199999999196
1680.899999999119
1840.6999999989737
2372.699999999966
3028.7000000023527
3687.100000004748
3839.200000005301
4073.300000006153
4502.200000007713
5028.800000009629
5328.0000000107175
6017.000000013224
7088.200000017121
7434.700000018382
8103.900000020816
8452.300000017349
8890.900000010966
9886.099999996484
725.1999999999882
978.4999999997578
1339.7999999994292
1480.5999999993012
1595.8999999991963
1680.5999999991193
1840.399999998974
3028.200000002351
3687.100000004748
3838.5000000052983
3914.9000000055767
4073.100000006152
4410.60000000738
4501.900000007712
4832.800000008916
5028.600000009628
5328.500000010719
5445.200000011144
5565.600000011582
6016.900000013224
6388.200000014575
6761.000000015931
6915.500000016493
7088.00000001712
7168.100000017412
7434.500000018381
7753.600000019542
8103.600000020815
8452.100000017352
8576.000000015549
9739.499999998618
9885.899999996487
1841.099999998973
2968.900000002135
3030.5000000023592
3187.2000000029293
3840.000000005304
4073.600000006154
4502.900000007716
7435.900000018386
8599.600000015205
978.9999999997574
1481.1999999993006
1596.299999999196
1841.299999998973
2373.099999999968
2968.600000002134
3029.500000002356
3687.900000004751
4073.000000006152
4502.500000007714
5328.300000010719
6017.800000013227
6389.3000000145785
6916.000000016495
7435.200000018383
8104.200000020817
725.6999999999878
979.6999999997568
1480.9999999993008
1596.4999999991958
1840.7999999989736
2030.0999999988012
2372.899999999967
3029.300000002355
3687.6000000047497
3839.5000000053024
3914.9000000055767
4072.6000000061504
4502.400000007714
4833.200000008917
5029.00000000963
5328.100000010718
5445.800000011146
6017.700000013227
6388.900000014577
6915.800000016494
7088.300000017121
7435.000000018383
8104.000000020816
8452.600000017344
978.5999999997578
3187.700000002931
4073.900000006155
6916.900000016498
979.1999999997572
2932.800000002004
4074.000000006156
6916.400000016496
7436.200000018387
6916.100000016495
6404.100000014632
6916.8000000164975
1841.8999999989728
4073.600000006154
5329.000000010721
6916.400000016496
7436.200000018387
8599.700000015204
9886.599999996475
4074.300000006157
6916.8000000164975
7436.700000018389
4074.900000006159
6917.4000000165
6917.800000016501
1841.099999998973
2373.8999999999705
2968.600000002134
3840.200000005305
4073.900000006155
5329.000000010721
6916.100000016495
7436.000000018386
8599.600000015205
1841.299999998973
2373.599999999969
2969.100000002136
3030.60000000236
4073.5000000061536
4293.1000000069525
5328.80000001072
6018.5000000132295
6916.400000016496
7435.900000018386
8599.600000015205
6403.800000014631
6916.300000016496
8599.900000015201
2969.100000002136
6403.800000014631
6916.300000016496
8599.600000015205
6916.700000016497
7436.100000018387
6916.700000016497
1380.9999999993918
1841.399999998973
2373.2999999999683
3187.0000000029286
3688.000000004751
3914.600000005576
4073.300000006153
4292.50000000695
4502.500000007714
5328.400000010719
6018.300000013229
6389.60000001458
6915.500000016493
7435.300000018384
8104.300000020818
9886.599999996475
110.90000000009584
351.0000000001455
724.6999999999887
924.1999999998072
977.8999999997584
1094.0999999996527
1595.5999999991966
1680.2999999991196
1840.299999998974
2028.8999999988023
2371.8999999999637
2968.600000002134
3029.2000000023545
3686.800000004747
3837.800000005296
3914.1000000055737
4072.900000006152
4410.200000007379
4832.300000008914
5028.400000009628
5328.500000010719
5444.700000011142
5751.800000012259
6016.800000013223
6073.60000001343
6387.800000014573
6760.300000015928
6837.400000016209
6915.000000016491
7087.90000001712
7167.800000017411
7434.20000001838
7753.20000001954
8103.300000020814
8452.100000017352
9036.700000008845
9089.20000000808
9632.700000000172
9738.799999998628
9886.29999999648
978.399999999758
1480.799999999301
1595.9999999991962
1840.6999999989737
2372.699999999966
2969.100000002136
3687.400000004749
3839.100000005301
3914.9000000055767
4072.50000000615
4502.200000007713
4833.000000008917
5328.0000000107175
5565.800000011583
6017.500000013226
6388.500000014576
6915.600000016493
7088.200000017121
7434.800000018382
8103.900000020816
8452.400000017347
9886.39999999648
8625.000000014836
725.8999999999876
978.9999999997574
1480.9999999993008
1596.299999999196
1840.6999999989737
2372.7999999999665
3030.400000002359
3186.4000000029264
3687.70000000475
3838.9000000053
4072.800000006151
4502.400000007714
4833.200000008917
5328.100000010718
5445.800000011146
6017.600000013226
6388.900000014577
6915.800000016494
7088.500000017122
7435.000000018383
8104.100000020817
9886.899999996473
1841.8999999989728
2373.599999999969
4073.5000000061536
4502.900000007716
5029.900000009633
5328.70000001072
6018.300000013229
6916.300000016496
7435.600000018385
8104.500000020818
4074.400000006157
6917.100000016499
8600.300000015195
6917.9000000165015
978.299999999758
1380.9999999993918
1596.6999999991956
1841.1999999989728
2373.2999999999683
3029.900000002357
3688.200000004752
4073.200000006153
4292.700000006951
4502.600000007715
5328.400000010719
6916.100000016495
7435.400000018384
8104.600000020819
9886.499999996478
6952.900000016629
8623.800000014853
2973.9000000021533
6938.8000000165775
8630.90000001475
4074.6000000061576
6917.200000016499
6918.200000016503
4074.200000006156
6916.500000016496
7436.400000018388
8599.800000015202
978.5999999997578
1841.499999998973
2968.4000000021333
4073.600000006154
4502.700000007715
5328.70000001072
6916.100000016495
7435.600000018385
978.5999999997578
1480.699999999301
1595.9999999991962
1840.5999999989735
2372.599999999966
2969.100000002136
3186.2000000029257
3687.3000000047487
3838.9000000053
4072.6000000061504
4502.0000000077125
5327.900000010717
5445.500000011145
6017.500000013226
6388.700000014576
6915.7000000164935
7088.200000017121
7168.200000017412
7434.700000018382
8103.800000020816
9885.999999996486
1841.6999999989728
4073.600000006154
4502.700000007715
5328.70000001072
6018.300000013229
6916.300000016496
7435.700000018385
8599.100000015213
1841.099999998973
4073.900000006155
5329.000000010721
6916.500000016496
6921.600000016515
8621.400000014888
6918.200000016503
6923.00000001652
2968.8000000021348
4074.000000006156
6916.400000016496
7436.300000018387
352.10000000014577
725.9999999999875
1480.9999999993008
1596.4999999991958
1840.7999999989736
2372.899999999967
2968.5000000021337
3029.300000002355
3186.300000002926
3687.70000000475
4072.700000006151
4502.300000007714
4833.400000008918
5328.0000000107175
6017.500000013226
6915.800000016494
7088.400000017122
7435.000000018383
8104.000000020816
8452.600000017344
9886.29999999648
6404.400000014633
6916.500000016496
111.10000000009585
351.4000000001456
724.5999999999888
924.5999999998068
979.1999999997572
1094.3999999996524
1339.7999999994292
1595.7999999991964
1680.2999999991196
2028.7999999988024
2371.999999999964
2597.6000000007843
2828.6000000016247
2968.000000002132
3028.300000002351
3686.900000004747
4021.600000005965
4072.900000006152
4832.200000008914
5028.700000009629
5328.60000001072
5444.800000011142
5565.5000000115815
6016.800000013223
6387.900000014573
6760.600000015929
6836.600000016206
6915.000000016491
7088.00000001712
7167.800000017411
7434.20000001838
7753.300000019541
8103.400000020814
8451.800000017356
8575.90000001555
9036.500000008848
9089.000000008084
9632.900000000169
9738.999999998625
9886.599999996475
724.7999999999886
924.499999999807
978.399999999758
1094.3999999996524
1595.7999999991964
1680.4999999991194
1840.6999999989737
2029.0999999988023
2372.099999999964
2597.7000000007847
2968.7000000021344
3029.4000000023552
3687.000000004748
3838.700000005299
3914.500000005575
4073.100000006152
4832.900000008916
5028.500000009628
5328.70000001072
5445.000000011143
6016.800000013223
6388.100000014574
6760.80000001593
6915.300000016492
7088.200000017121
7168.000000017411
7434.4000000183805
7753.500000019541
8103.400000020814
8451.900000017355
9036.700000008845
9089.20000000808
9633.100000000166
9739.099999998623
9885.69999999649
6917.9000000165015
725.1999999999882
979.0999999997572
1480.799999999301
1596.199999999196
1681.0999999991188
1840.5999999989735
2029.8999999988016
2372.7999999999665
2709.10000000119
2968.300000002133
3029.2000000023545
3687.3000000047487
4072.6000000061504
4502.300000007714
4832.500000008915
5328.0000000107175
6017.4000000132255
6388.700000014576
6915.900000016494
7088.300000017121
7434.800000018382
8103.800000020816
8452.400000017347
8576.500000015541
9885.799999996489
724.5999999999888
1094.3999999996524
1595.7999999991964
1680.3999999991197
2028.8999999988023
2372.099999999964
3028.300000002351
3686.900000004747
3837.600000005296
4021.8000000059656
4072.800000006151
4410.300000007379
4832.100000008913
5028.300000009627
5328.500000010719
5444.900000011143
5565.600000011582
6016.800000013223
6073.800000013431
6387.900000014573
6760.70000001593
6836.800000016207
7087.90000001712
7167.800000017411
7434.20000001838
8103.400000020814
8451.800000017356
9089.000000008084
9633.000000000167
9738.899999998626
9886.599999996475
351.60000000014566
724.8999999999885
978.9999999997574
1094.5999999996525
1595.7999999991964
1680.4999999991194
1840.299999998974
2372.1999999999643
2597.6000000007843
2968.8000000021348
3029.100000002354
3686.900000004747
3838.5000000052983
4021.8000000059656
4073.000000006152
4410.400000007379
4832.700000008916
5029.00000000963
5328.60000001072
5445.000000011143
5565.700000011582
6016.700000013223
6388.000000014574
6837.70000001621
7168.100000017412
7434.4000000183805
7753.500000019541
8103.500000020815
8451.900000017355
9036.800000008843
9089.20000000808
9739.199999998622
9998.299999994852
1841.099999998973
6403.900000014632
6916.100000016495
8600.100000015198
4074.000000006156
6916.8000000164975
7436.300000018387
8599.600000015205
6404.500000014634
725.5999999999879
979.2999999997572
1480.699999999301
1596.199999999196
1681.0999999991188
1840.8999999989733
2372.599999999966
3029.0000000023538
3687.3000000047487
3914.700000005576
4073.000000006152
4502.0000000077125
5028.700000009629
5327.900000010717
5445.400000011145
6017.4000000132255
6388.600000014576
6915.400000016492
7087.80000001712
7168.3000000174125
7434.700000018382
7753.8000000195425
8103.600000020815
8452.20000001735
9037.200000008836
9886.39999999648
110.40000000009589
801.8999999999185
923.7999999998076
978.5999999997578
1094.0999999996527
1337.3999999994314
1380.1999999993925
1595.3999999991968
1679.5999999991202
2028.299999998803
2064.499999998845
2371.0999999999603
2463.900000000298
2597.3000000007837
2968.5000000021337
3028.400000002352
3687.000000004748
3914.200000005574
4072.4000000061496
4262.000000006839
4292.30000000695
4409.600000007376
4832.300000008914
5028.000000009626
5327.400000010715
5565.00000001158
5751.6000000122585
6016.400000013222
6072.800000013427
6149.600000013706
6387.400000014572
6759.800000015926
6836.100000016204
7087.300000017118
7167.400000017409
7434.900000018382
7694.400000019326
7752.700000019538
8155.800000021005
8451.700000017358
8600.0000000152
8800.300000012285
9088.800000008086
9525.500000001732
9633.200000000164
9738.399999998634
9885.999999996486
9997.599999994862
1596.399999999196
1841.1999999989728
2372.899999999967
2968.7000000021344
3030.3000000023585
3687.8000000047514
4072.900000006152
4502.300000007714
5328.100000010718
6017.500000013226
6389.100000014578
6915.7000000164935
7435.100000018383
8104.200000020817
9886.199999996485
3704.400000004811
6404.500000014634
6916.400000016496
7436.800000018389
8600.300000015195
725.5999999999879
979.399999999757
1480.799999999301
1596.199999999196
1680.999999999119
1841.099999998973
2029.6999999988016
2372.699999999966
2969.3000000021366
3029.8000000023567
3687.3000000047487
3839.900000005304
3914.700000005576
4073.300000006153
4502.200000007713
5028.800000009629
5328.0000000107175
6017.600000013226
6388.700000014576
6915.400000016492
7088.200000017121
7434.800000018382
8103.900000020816
8452.300000017349
9037.300000008836
9886.699999996476
725.499999999988
979.1999999997572
1094.899999999652
1480.699999999301
1596.099999999196
1680.899999999119
1840.7999999989736
2029.5999999988016
2372.499999999965
3028.9000000023534
3687.3000000047487
3839.200000005301
3914.600000005576
4073.200000006153
4410.70000000738
4832.800000008916
5029.200000009631
5328.500000010719
5445.300000011144
6017.4000000132255
6265.90000001413
6388.400000014575
6915.400000016492
7087.90000001712
7168.3000000174125
7434.600000018381
8103.600000020815
8452.100000017352
9739.39999999862
9886.199999996485
1380.4999999993922
1480.899999999301
1596.399999999196
1841.1999999989728
2372.9999999999677
2968.600000002134
3029.2000000023545
3687.400000004749
4072.800000006151
4502.300000007714
5029.00000000963
5328.100000010718
6017.600000013226
6389.100000014578
6916.000000016495
7434.900000018382
8104.100000020817
9886.29999999648
6917.800000016501
1840.7999999989736
2373.199999999968
2968.7000000021344
3029.7000000023563
3687.8000000047514
3839.600000005303
4073.000000006152
4833.500000008919
5029.400000009631
5328.400000010719
6017.900000013227
6389.400000014579
6916.100000016495
7435.400000018384
979.2999999997572
1596.6999999991956
1841.1999999989728
2372.9999999999677
3030.400000002359
3186.600000002927
3687.900000004751
4072.900000006152
4502.500000007714
5029.400000009631
5328.300000010719
6017.600000013226
6915.900000016494
7435.200000018383
8104.300000020818
9886.499999996478
978.399999999758
1596.5999999991957
1841.299999998973
2373.199999999968
3029.8000000023567
3186.7000000029275
3688.200000004752
4073.100000006152
4502.600000007715
5328.400000010719
6017.900000013227
6389.400000014579
6916.000000016495
7435.400000018384
4074.200000006156
6917.000000016498
725.8999999999876
1480.9999999993008
1596.299999999196
1840.9999999989732
2372.9999999999677
2969.100000002136
3186.4000000029264
3687.70000000475
4072.900000006152
4502.400000007714
5328.100000010718
6017.700000013227
6389.100000014578
6915.800000016494
7435.000000018383
8104.000000020816
1841.399999998973
4074.200000006156
6916.8000000164975
7436.600000018388
6917.5000000165
1841.1999999989728
2373.099999999968
2968.600000002134
3029.8000000023567
3687.8000000047514
4073.000000006152
4502.400000007714
5029.300000009631
5328.300000010719
6017.900000013227
6389.3000000145785
6916.100000016495
7435.300000018384
8104.100000020817
9885.999999996486
725.7999999999877
979.1999999997572
1480.9999999993008
1596.4999999991958
1681.0999999991188
1840.9999999989732
2372.9999999999677
3029.100000002354
3186.5000000029268
3687.200000004748
4072.800000006151
4502.400000007714
5328.200000010718
6017.600000013226
6389.000000014577
6915.7000000164935
7435.000000018383
8104.200000020817
8452.700000017343
9886.39999999648
978.9999999997574
1596.4999999991958
1841.099999998973
2968.100000002132
3029.7000000023563
3687.900000004751
4073.100000006152
4502.400000007714
5328.300000010719
6017.800000013227
6389.500000014579
6916.000000016495
7435.300000018384
8104.500000020818
724.9999999999884
978.8999999997576
1480.3999999993014
1595.8999999991963
1680.4999999991194
1840.5999999989735
2372.1999999999643
2597.800000000785
2968.7000000021344
3028.9000000023534
3686.900000004747
3914.600000005576
4073.100000006152
4410.50000000738
4832.800000008916
5028.400000009628
5328.100000010718
6017.000000013224
6388.100000014574
6760.70000001593
6915.200000016492
7087.700000017119
7167.70000001741
7434.30000001838
7753.600000019542
8103.600000020815
8451.900000017355
8576.100000015547
9036.700000008845
9633.300000000165
9739.29999999862
9885.69999999649
4074.400000006157
6403.900000014632
6917.000000016498
1596.999999999195
1841.1999999989728
2373.2999999999683
3029.900000002357
3839.900000005304
4073.200000006153
4502.700000007715
5328.500000010719
6018.000000013228
6389.500000014579
6916.100000016495
7435.500000018384
8104.400000020818
725.1999999999882
978.299999999758
1480.3999999993014
1595.6999999991965
1680.4999999991194
1840.5999999989735
2029.399999998802
2372.2999999999647
2597.500000000784
2968.5000000021337
3029.100000002354
3686.800000004747
3839.000000005301
3914.800000005576
4073.100000006152
4501.800000007712
4833.000000008917
5028.900000009629
5328.200000010718
5445.000000011143
6016.900000013224
6265.800000014129
6388.100000014574
6915.400000016492
7087.80000001712
7167.800000017411
7434.30000001838
8103.600000020815
8452.000000017353
8575.90000001555
9036.900000008842
9739.39999999862
9886.199999996485
9998.499999994849
4074.500000006157
6917.100000016499
1841.8999999989728
2968.7000000021344
3687.8000000047514
4073.600000006154
4292.900000006952
4502.700000007715
5328.70000001072
6017.900000013227
6916.400000016496
7435.600000018385
8599.400000015208
9886.599999996475
1841.5999999989729
2373.3999999999687
3029.900000002357
3687.70000000475
4073.400000006153
4502.400000007714
5328.400000010719
6018.200000013228
6915.800000016494
7435.300000018384
8104.500000020818
4074.000000006156
6916.400000016496
8599.900000015201
4074.700000006158
6917.000000016498
979.2999999997572
1840.0999999989745
2372.9999999999677
2968.7000000021344
3029.4000000023552
3687.70000000475
3838.4000000052974
4072.800000006151
4502.300000007714
4833.100000008917
5029.10000000963
5328.100000010718
6017.500000013226
6389.100000014578
6915.7000000164935
7435.100000018383
8104.200000020817
9885.999999996486
