573.700000000126
738.8999999999758
2584.600000000737
2730.9000000012693
2940.800000002033
3585.8000000043794
4583.500000008009
5579.400000011632
6870.000000016327
6921.000000016513
7570.800000018877
7761.700000019571
7975.400000020349
8576.300000015544
8623.900000014852
8925.400000010464
9580.60000000093
9752.99999999842
9941.899999995672
590.9000000001104
736.499999999978
1612.799999999181
2584.200000000736
2729.400000001264
3588.100000004388
4583.500000008009
5580.9000000116375
6611.300000015386
6768.300000015957
6871.300000016332
6924.000000016524
7571.400000018879
7755.200000019548
8576.400000015543
8611.100000015038
8767.100000012768
8901.500000010812
9579.800000000942
9669.89999999963
9754.599999998398
605.9000000000967
728.9999999999848
1611.9999999991817
2598.300000000787
2725.200000001249
4589.400000008031
5592.300000011679
6919.0000000165055
7580.200000018911
8584.10000001543
8604.200000015138
8721.200000013436
8900.200000010831
9583.900000000882
9673.899999999572
9761.3999999983
728.799999999985
1845.799999998969
2596.100000000779
2719.500000001228
3709.200000004828
3841.200000005309
4586.300000008019
4847.200000008968
5586.500000011658
6790.200000016037
6869.300000016325
6930.500000016547
7576.400000018897
7755.600000019549
8578.00000001552
8615.600000014972
8720.300000013449
8904.200000010773
9582.300000000903
9672.69999999959
9754.099999998403
614.7000000000887
736.499999999978
2595.600000000777
2718.9000000012256
2983.9000000021897
3717.300000004858
4586.60000000802
5585.900000011656
6919.300000016507
7579.200000018907
7978.300000020359
8581.100000015475
8612.100000015023
8724.30000001339
8919.50000001055
9583.000000000897
9679.399999999492
9762.59999999828
708.3000000000036
1693.999999999107
2597.800000000785
2709.900000001193
3703.900000004809
4587.900000008025
5588.400000011665
6706.8000000157335
6920.500000016511
7578.500000018905
7700.90000001935
8579.000000015505
8616.40000001496
8703.500000013693
9582.900000000896
9672.299999999595
9755.699999998382
592.5000000001089
734.8999999999794
953.7999999997804
1616.4999999991776
2587.2000000007465
2728.2000000012595
2935.7000000020143
3587.300000004385
3853.200000005352
4583.200000008008
5579.500000011632
6864.500000016307
6918.700000016504
7570.700000018876
7759.600000019564
8575.90000001555
8609.900000015055
8726.000000013366
8899.500000010841
9580.00000000094
9754.999999998392
639.0000000000666
728.8999999999849
2598.4000000007877
2720.8000000012325
4590.900000008036
5590.700000011673
6918.600000016504
7581.200000018915
7762.000000019572
7988.800000020397
8579.4000000155
8612.100000015023
8721.900000013426
8903.70000001078
9584.600000000872
9755.399999998386
605.7000000000969
1847.999999998967
2591.0000000007603
2728.2000000012595
3590.0000000043947
3844.20000000532
4584.800000008014
5584.100000011649
6775.500000015984
6865.900000016312
6922.800000016519
7572.200000018882
7774.200000019617
8577.500000015527
8624.200000014847
8900.000000010834
9581.700000000914
9755.19999999839
570.400000000129
733.8999999999803
1607.299999999186
2579.2000000007174
2725.900000001251
2972.0000000021464
3567.800000004314
4574.300000007976
4591.200000008037
5569.000000011594
5593.000000011682
6587.7000000153
6766.30000001595
6873.800000016341
6920.000000016509
7568.800000018869
7751.700000019535
7982.000000020373
8570.700000015626
8608.100000015082
8725.200000013378
8898.600000010854
9574.40000000102
9744.699999998542
732.8999999999812
2601.400000000798
2718.200000001223
4591.500000008038
5597.200000011697
6918.000000016502
7582.80000001892
8587.200000015386
8616.000000014967
8722.600000013415
8903.500000010783
9584.800000000869
9666.49999999968
9767.199999998214
574.4000000001254
731.999999999982
1611.799999999182
2581.9000000007272
2726.6000000012536
2942.0000000020373
3581.4000000043634
3853.100000005352
4580.000000007996
5576.900000011623
6599.900000015345
6788.800000016032
6872.700000016337
6918.600000016504
7569.600000018872
7756.100000019551
7964.70000002031
8574.100000015576
8609.700000015058
8724.500000013388
8897.000000010878
9578.300000000963
9664.299999999712
9754.899999998392
9976.599999995167
2585.30000000074
3591.3000000043994
4584.000000008011
5582.900000011645
6919.600000016508
7575.800000018895
8577.30000001553
8620.800000014897
9581.900000000913
9756.299999998371
569.6000000001297
734.29999999998
1606.7999999991864
2578.700000000716
2726.8000000012544
2975.6000000021595
3565.800000004306
4572.90000000797
4590.900000008036
5567.200000011588
6568.000000015229
6767.900000015956
6882.300000016372
7568.000000018867
7752.900000019539
7976.700000020353
8566.30000001569
8581.600000015467
8725.400000013375
8900.000000010834
9574.800000001014
9746.89999999851
5612.800000011754
6921.600000016515
7590.400000018948
8600.200000015197
9764.69999999825
576.1000000001238
734.5999999999797
1596.6999999991956
2580.6000000007225
2728.2000000012595
2976.2000000021617
3580.700000004361
4579.600000007995
4597.700000008061
5577.400000011625
6586.700000015297
6771.300000015968
6918.800000016505
7572.700000018884
7585.600000018931
7755.300000019548
7979.000000020362
8575.000000015563
8601.40000001518
8787.400000012472
9578.000000000968
9659.69999999978
9749.69999999847
739.4999999999752
1615.899999999178
2587.4000000007472
2733.300000001278
3591.200000004399
4585.100000008015
5583.700000011648
6915.600000016493
7576.400000018897
7808.900000019743
8577.700000015524
8613.00000001501
8899.300000010844
9581.800000000912
9755.399999998386
572.7000000001269
734.6999999999796
1598.499999999194
2581.600000000726
2728.2000000012595
2969.0000000021355
3583.6000000043714
4579.900000007996
5575.800000011619
5605.000000011725
6588.300000015302
6767.500000015954
6916.400000016496
7569.800000018873
7754.100000019544
7965.600000020313
8574.000000015578
8601.700000015175
8727.000000013351
8899.900000010835
9577.80000000097
9659.499999999782
9750.899999998452
609.8000000000932
734.3999999999799
2590.100000000757
2728.2000000012595
4585.100000008015
5584.600000011651
6868.800000016323
6921.400000016514
7575.600000018894
7758.000000019558
8577.900000015521
8612.900000015012
8729.000000013322
8903.400000010784
9581.800000000912
9661.199999999755
9755.599999998383
606.9000000000958
737.599999999977
1614.2999999991796
2587.000000000746
2728.100000001259
2977.0000000021646
3588.70000000439
4585.700000008017
5585.800000011655
6607.800000015373
6768.200000015957
6890.4000000164015
7574.700000018891
7755.600000019549
7984.200000020381
8577.100000015533
8613.400000015004
8730.000000013308
8901.60000001081
9580.700000000928
9672.799999999588
9755.399999998386
2737.0000000012915
4595.900000008054
5603.7000000117205
6920.600000016511
7586.100000018932
8598.800000015217
9760.199999998316
722.5999999999906
2593.400000000769
2719.300000001227
3598.000000004424
3712.6000000048407
4585.500000008016
5582.800000011644
6920.700000016512
7571.900000018881
7762.500000019574
8578.100000015518
8621.600000014885
8717.900000013484
9581.800000000912
9756.699999998367
610.2000000000928
2597.6000000007843
2728.30000000126
4588.200000008026
5589.300000011668
6917.9000000165015
7578.500000018905
8580.70000001548
8610.100000015053
8899.500000010841
9583.500000000888
9663.499999999724
9759.19999999833
593.8000000001077
739.0999999999756
1614.2999999991796
2591.200000000761
2727.6000000012573
2973.300000002151
4585.300000008016
5583.900000011648
6917.800000016501
7572.200000018882
7762.700000019575
7976.800000020354
8577.800000015523
8611.900000015026
8728.000000013337
8901.400000010814
9581.900000000913
9755.79999999838
573.1000000001266
729.3999999999844
1610.0999999991834
2576.500000000708
2721.3000000012344
2971.7000000021453
3570.800000004325
4573.500000007973
5568.000000011591
6575.800000015257
6766.20000001595
6869.300000016325
6919.500000016507
7568.400000018868
7752.800000019539
7980.900000020369
8571.000000015621
8610.100000015053
8723.800000013398
8897.600000010869
9573.300000001036
9678.599999999504
9749.199999998476
609.5000000000935
740.799999999974
1610.899999999183
2593.500000000769
2730.300000001267
4585.400000008016
5584.30000001165
6617.200000015408
6916.500000016496
7574.40000001889
7800.500000019712
7979.200000020362
8577.100000015533
8610.500000015047
8897.200000010875
9581.600000000915
9663.599999999722
9756.399999998372
575.2000000001246
737.0999999999774
1605.5999999991875
2582.000000000728
2728.40000000126
2933.900000002008
3576.900000004347
4579.200000007993
5569.9000000115975
5597.600000011698
6587.900000015301
6793.400000016049
6917.200000016499
7569.100000018871
7756.500000019552
7966.000000020314
8572.300000015603
8604.700000015131
8765.700000012788
8900.400000010828
9577.600000000974
9673.899999999572
9755.09999999839
9938.499999995722
2587.100000000746
3588.6000000043896
4585.100000008015
5584.000000011649
6922.90000001652
7576.5000000188975
8577.700000015524
8636.100000014674
9581.20000000092
9762.899999998275
740.3999999999744
2593.500000000769
2734.6000000012828
4584.900000008014
5583.700000011648
6918.600000016504
7570.900000018877
7768.800000019597
8578.00000001552
8627.700000014796
9581.800000000912
9753.599999998412
741.2999999999736
2598.4000000007877
2729.600000001265
4587.800000008025
5587.00000001166
6767.900000015956
6919.600000016508
7574.700000018891
7756.200000019551
8579.500000015498
8725.400000013375
8903.900000010777
9582.900000000896
9752.299999998431
578.4000000001217
1608.699999999185
2581.800000000727
2732.3000000012744
2970.30000000214
3583.20000000437
4579.600000007995
5578.100000011627
6587.900000015301
6869.500000016325
6933.100000016557
7569.9000000188735
7589.7000000189455
7974.000000020344
8575.100000015562
8611.60000001503
8912.60000001065
9578.300000000963
9757.699999998353
734.9999999999793
1846.2999999989688
2596.100000000779
2728.0000000012587
3852.400000005349
4585.600000008017
5586.200000011657
6798.700000016068
6916.300000016496
7574.000000018888
7762.000000019572
8577.30000001553
8615.000000014981
8725.500000013373
8901.70000001081
9581.700000000914
9753.899999998408
603.7000000000987
729.4999999999843
1609.6999999991838
2588.5000000007512
2722.000000001237
3589.600000004393
3852.900000005351
4584.500000008013
5582.0000000116415
6609.900000015381
6799.900000016072
6917.6000000165
7572.200000018882
7756.300000019552
8577.000000015534
8608.20000001508
8723.400000013404
8898.90000001085
9580.800000000929
9662.699999999735
9755.09999999839
739.799999999975
2598.000000000786
2729.9000000012657
4588.600000008028
5588.900000011667
6920.500000016511
7580.400000018912
8581.200000015473
8622.800000014868
9583.200000000892
9757.29999999836
571.6000000001279
743.0999999999719
1612.2999999991814
2582.70000000073
2732.800000001276
2934.000000002008
3576.000000004344
4578.600000007991
5573.100000011609
6589.900000015308
6870.80000001633
6918.400000016503
7569.700000018873
7768.200000019595
7981.800000020372
8573.500000015585
8614.40000001499
8901.70000001081
9577.500000000977
9751.299999998446
9939.799999995705
741.3999999999735
2598.7000000007884
2739.0000000012988
4588.3000000080265
5588.300000011664
6915.800000016494
7577.800000018902
8579.3000000155
8900.700000010824
9583.30000000089
9755.79999999838
732.6999999999814
2594.800000000774
2723.5000000012424
4586.200000008019
5586.100000011656
6866.000000016313
6920.700000016512
7575.700000018895
7767.500000019592
8578.100000015518
8613.300000015006
8723.900000013396
8901.00000001082
9582.400000000904
9754.899999998392
744.3999999999708
2601.0000000007967
2729.1000000012627
4590.300000008034
5591.900000011678
6917.100000016499
7580.100000018911
8581.900000015463
8615.200000014978
8901.400000010814
9583.900000000882
9755.399999998386
571.500000000128
731.4999999999825
1610.6999999991829
2577.8000000007123
2727.1000000012555
2974.0000000021537
3569.30000000432
4572.400000007969
4586.1000000080185
5569.800000011597
5585.3000000116535
6575.700000015257
6770.500000015965
6876.700000016352
6920.20000001651
7568.600000018869
7753.300000019541
7997.70000002043
8571.10000001562
8606.600000015103
8725.100000013379
8898.600000010854
9574.800000001014
9748.599999998483
738.7999999999759
2589.300000000754
2728.40000000126
4585.500000008016
5583.700000011648
6767.700000015955
6919.700000016508
7575.100000018892
7776.100000019624
8577.30000001553
8619.600000014914
8770.000000012726
9581.30000000092
9755.79999999838
2595.200000000776
2734.5000000012824
4586.1000000080185
5585.600000011655
6786.100000016022
6919.300000016507
7576.700000018898
8577.600000015525
8626.400000014815
8911.500000010667
9581.600000000915
9758.59999999834
737.7999999999768
2598.4000000007877
2721.6000000012355
3729.1000000049007
4587.300000008023
5587.800000011663
6781.300000016005
6919.200000016506
7576.800000018899
7799.600000019709
8579.900000015492
8640.400000014612
8729.20000001332
8902.600000010796
9583.200000000892
9756.299999998371
2597.000000000782
2730.1000000012664
4586.300000008019
5585.100000011653
6772.800000015974
6919.800000016508
7574.700000018891
7767.500000019592
8578.200000015517
8623.400000014859
8912.800000010648
9582.500000000902
9755.499999998385
2596.6000000007807
2735.6000000012864
4585.900000008018
5588.6000000116655
6920.20000001651
7573.900000018888
7756.900000019554
8578.400000015514
8624.100000014849
8933.000000010354
9582.7000000009
9755.999999998376
741.3999999999735
2599.5000000007917
2730.300000001267
4588.600000008028
5589.000000011667
6864.700000016308
6917.700000016501
7577.500000018901
8580.600000015482
8625.200000014833
8900.600000010825
9583.500000000888
9755.999999998376
571.6000000001279
1613.3999999991804
2582.60000000073
2737.200000001292
2976.300000002162
3583.500000004371
4579.000000007993
5578.500000011629
6589.600000015307
6919.500000016507
7570.300000018875
7592.200000018955
7982.800000020376
8575.300000015559
8624.200000014847
8913.900000010632
9578.000000000968
9759.099999998332
2596.30000000078
2731.600000001272
4586.40000000802
5586.300000011657
6778.800000015996
6918.900000016505
7576.000000018896
7757.500000019556
8577.900000015521
8638.300000014642
8771.600000012702
8900.700000010824
9582.7000000009
9751.299999998446
2596.40000000078
4586.1000000080185
5585.200000011653
6924.400000016525
7572.300000018882
8577.900000015521
9583.40000000089
9765.39999999824
601.8000000001005
2589.300000000754
2732.3000000012744
3589.1000000043914
4584.200000008012
5581.000000011638
6609.400000015379
6890.600000016402
7571.400000018879
7779.100000019634
8577.000000015534
8618.200000014935
8911.500000010667
9580.800000000929
9755.599999998383
573.3000000001264
734.0999999999801
1602.2999999991905
2579.400000000718
2728.40000000126
3578.600000004353
4578.30000000799
5573.700000011611
6586.500000015296
6768.600000015958
6918.800000016505
7569.600000018872
7754.100000019544
8573.500000015585
8610.600000015045
8730.200000013305
8904.000000010776
9575.800000001
9660.599999999766
9750.39999999846
2732.500000001275
4592.500000008042
5600.80000001171
6918.300000016503
7586.900000018935
8593.200000015298
8911.500000010667
9587.300000000832
9760.999999998305
733.6999999999805
1845.1999999989696
2591.8000000007632
2727.000000001255
3613.40000000448
3848.1000000053336
4585.300000008016
5584.40000001165
6842.3000000162265
6917.700000016501
7573.300000018886
7762.300000019573
8577.600000015525
8614.200000014993
8726.800000013354
8898.500000010856
9581.800000000912
9754.3999999984
9890.899999996414
575.6000000001243
735.299999999979
930.3999999998016
1607.5999999991857
2581.000000000724
2727.7000000012576
2933.2000000020053
3576.900000004347
3856.800000005365
4578.20000000799
5573.700000011611
6588.300000015302
6779.300000015997
6877.600000016355
6918.700000016504
7569.100000018871
7755.300000019548
7965.400000020312
8573.100000015591
8608.700000015073
8726.700000013356
8898.800000010851
9577.10000000098
9678.599999999504
9755.499999998385
9936.699999995748
2598.500000000788
2732.1000000012737
4588.800000008028
5589.200000011668
6917.200000016499
7577.900000018903
8581.000000015476
8609.700000015058
8902.800000010793
9583.600000000886
9757.499999998356
2597.200000000783
2736.5000000012897
4587.400000008023
5588.100000011664
6920.30000001651
7576.400000018897
8580.300000015486
8615.500000014974
9583.30000000089
9762.199999998287
575.3000000001246
733.099999999981
1608.0999999991852
2583.200000000732
2726.8000000012544
2944.3000000020456
3586.7000000043827
4582.300000008005
5580.200000011635
6602.100000015353
6774.000000015978
6907.600000016464
7571.100000018878
7756.0000000195505
7979.400000020363
8576.300000015544
8609.800000015057
8726.40000001336
8898.20000001086
9579.700000000945
9673.099999999584
9755.09999999839
578.4000000001217
736.9999999999775
2583.0000000007312
2728.7000000012613
2977.3000000021657
3585.0000000043765
4580.900000008
5577.000000011623
6590.30000001531
6778.000000015993
6918.500000016504
7570.300000018875
7759.300000019562
7979.200000020362
8575.300000015559
8615.200000014978
8900.90000001082
9578.200000000965
9753.699999998413
581.9000000001186
738.8999999999758
2583.800000000734
2729.9000000012657
2948.500000002061
3586.4000000043816
4582.200000008004
5578.200000011628
6916.400000016496
7571.400000018879
8576.000000015549
8618.100000014936
8902.200000010802
9579.90000000094
9754.599999998398
9943.199999995652
652.8000000000541
1847.5999999989676
2591.6000000007625
2729.3000000012635
3844.8000000053216
4585.400000008016
5584.500000011651
6842.500000016227
6918.600000016504
7574.3000000188895
7760.300000019566
8577.30000001553
8614.300000014991
8900.200000010831
9581.600000000915
9753.899999998408
582.6000000001179
1613.5999999991802
2583.700000000734
2731.900000001273
2937.7000000020216
3585.6000000043787
4582.100000008004
5579.400000011632
6614.200000015397
6793.000000016047
6917.700000016501
7570.400000018875
7759.700000019564
7976.900000020354
8575.20000001556
8614.700000014986
8901.500000010812
9579.600000000944
9755.399999998386
568.7000000001306
737.8999999999767
1599.3999999991931
2578.500000000715
2727.800000001258
2940.300000002031
3565.400000004305
4570.700000007962
4586.700000008021
5567.500000011589
6575.700000015257
6768.1000000159565
6870.9000000163305
6920.700000016512
7568.90000001887
7753.10000001954
7980.100000020366
8570.600000015627
8602.200000015167
8730.000000013308
8898.90000001085
9573.800000001029
9748.199999998493
594.4000000001072
732.5999999999815
1610.7999999991828
2585.100000000739
2726.0000000012515
3587.900000004387
4584.000000008011
5580.800000011637
6613.800000015395
6891.700000016406
7571.000000018877
7755.600000019549
8576.400000015543
8607.300000015093
8725.100000013379
8900.400000010828
9580.200000000936
9665.1999999997
9754.299999998402
582.500000000118
739.0999999999756
1614.6999999991792
2583.700000000734
2731.800000001273
3586.7000000043827
4580.800000007999
5578.300000011628
6591.300000015313
6920.500000016511
7571.100000018878
7984.00000002038
8576.900000015536
8615.500000014974
8911.700000010664
9579.90000000094
9755.699999998382
586.1000000001147
1613.69999999918
2583.6000000007334
3586.800000004383
4583.100000008008
5582.800000011644
6590.800000015312
6920.400000016511
7577.700000018902
8577.600000015525
8613.400000015004
9581.000000000924
9757.89999999835
2592.7000000007665
2731.800000001273
2971.900000002146
3589.9000000043943
4584.700000008013
5582.200000011642
6918.900000016505
7573.200000018885
7983.000000020376
8577.400000015528
8935.600000010316
9582.900000000896
9759.399999998328
610.4000000000926
736.9999999999775
2591.700000000763
2729.1000000012627
4585.900000008018
5585.700000011655
6895.700000016421
7575.400000018893
7761.600000019571
8577.30000001553
8610.200000015051
8897.900000010864
9581.500000000917
9753.499999998414
727.0999999999865
1707.5999999990947
2586.3000000007432
2712.700000001203
3588.9000000043907
3705.500000004815
4583.9000000080105
5580.9000000116375
6767.500000015954
6918.100000016502
7571.200000018878
7704.400000019363
7814.200000019762
8576.60000001554
8612.100000015023
8708.800000013616
8902.100000010803
9580.200000000936
9665.399999999696
9752.099999998434
604.0000000000985
1619.7999999991746
2590.7000000007592
2730.9000000012693
3615.2000000044864
4585.900000008018
5584.2000000116495
6919.500000016507
7576.5000000188975
8577.600000015525
8609.400000015063
9582.00000000091
9756.399999998372
600.5000000001016
736.7999999999777
1611.3999999991822
2582.70000000073
2728.7000000012613
3583.800000004372
4580.800000007999
5574.900000011616
6590.600000015311
6917.700000016501
7570.100000018874
7757.000000019554
7981.900000020372
8575.100000015562
8608.90000001507
8769.600000012731
8901.300000010815
9577.600000000974
9674.79999999956
9755.999999998376
581.9000000001186
739.8999999999749
1607.5999999991857
2582.60000000073
2730.000000001266
2945.200000002049
3584.2000000043736
4580.800000007999
5577.700000011626
6594.500000015325
6788.20000001603
6917.5000000165
7570.100000018874
7755.90000001955
7969.500000020327
8575.400000015557
8610.30000001505
8899.900000010835
9578.700000000958
9754.699999998396
2596.700000000781
4585.400000008016
5585.800000011655
6921.000000016513
7576.700000018898
8578.70000001551
8615.80000001497
9582.500000000902
9757.89999999835
607.2000000000955
731.8999999999821
1611.3999999991822
2588.400000000751
2726.300000001253
2970.30000000214
3589.7000000043936
4585.100000008015
5584.000000011649
6609.300000015379
6798.100000016066
6917.4000000165
7574.50000001889
7755.000000019547
7975.9000000203505
8577.100000015533
8604.500000015134
8723.400000013404
8897.600000010869
9581.20000000092
9661.399999999754
9754.3999999984
574.2000000001256
740.5999999999742
1603.899999999189
2581.800000000727
2729.400000001264
2947.3000000020565
3580.9000000043616
4580.100000007997
5578.100000011627
6589.900000015308
6775.200000015982
6917.700000016501
7570.200000018875
7762.6000000195745
8574.400000015572
8605.900000015114
8910.900000010675
9578.700000000958
9755.399999998386
575.6000000001243
736.0999999999783
2583.9000000007345
2726.100000001252
3584.4000000043743
4580.400000007998
5578.000000011627
6918.000000016502
7569.600000018872
7758.900000019561
8575.300000015559
8622.200000014876
8728.50000001333
8900.90000001082
9579.600000000944
9753.79999999841
603.9000000000985
732.7999999999813
1609.6999999991838
2593.100000000768
2722.000000001237
2969.700000002138
3722.000000004875
4586.800000008021
5587.20000001166
6917.5000000165
7577.500000018901
7766.500000019589
7973.200000020341
8578.800000015508
8604.80000001513
8723.800000013398
8899.900000010835
9582.800000000898
9755.599999998383
573.4000000001263
735.9999999999784
1609.8999999991836
2582.100000000728
2729.200000001263
2943.5000000020427
3584.800000004376
4580.700000007999
5578.200000011628
5966.100000013039
6594.900000015326
6788.500000016031
6870.500000016329
6919.0000000165055
7570.200000018875
7758.300000019559
7961.9000000203
8574.700000015568
8611.300000015035
8775.000000012653
8898.90000001085
9578.000000000968
9659.799999999776
9755.599999998383
9944.399999995636
734.0999999999801
2593.2000000007683
2721.700000001236
3720.70000000487
3856.800000005365
4585.900000008018
5585.200000011653
6844.900000016236
6921.300000016514
7574.200000018889
7755.400000019548
8578.00000001552
8613.400000015004
8724.600000013386
8910.500000010681
9582.200000000908
9752.899999998424
590.0000000001112
2585.5000000007403
2737.0000000012915
3587.000000004384
4584.400000008012
5582.200000011642
6612.600000015391
6919.100000016506
7575.500000018894
8577.500000015527
8613.500000015003
9581.100000000924
9756.199999998376
727.4999999999861
1848.7999999989663
2588.8000000007523
2720.0000000012296
3595.600000004415
3852.300000005349
4585.700000008017
5584.100000011649
6784.700000016017
6917.200000016499
7574.50000001889
7756.700000019553
8577.600000015525
8621.90000001488
8725.500000013373
8904.300000010771
9581.900000000913
9753.599999998412
597.2000000001046
734.8999999999794
1612.799999999181
2585.700000000741
2727.400000001257
2970.1000000021395
3588.9000000043907
4584.000000008011
5581.400000011639
6773.600000015977
6870.000000016327
6918.900000016505
7572.200000018882
7755.200000019548
7976.600000020353
8576.300000015544
8610.30000001505
8727.500000013344
8898.700000010853
9579.700000000945
9670.899999999616
9754.699999998396
