2965.4000000021224
6286.600000014205
6281.200000014185
6919.800000016508
8010.900000020478
8627.000000014807
8903.900000010777
9680.19999999948
983.9999999997528
2942.4000000020387
6918.900000016505
7975.200000020348
8606.900000015099
8903.200000010787
1490.4999999992922
2070.3999999988664
5042.600000009679
5194.00000001023
6279.9000000141805
6917.800000016501
7985.900000020387
8613.500000015003
8899.200000010846
9685.6999999994
983.1999999997536
1487.499999999295
2067.299999998855
2379.3999999999905
2973.9000000021533
3883.200000005461
4328.800000007082
4995.800000009509
5170.600000010145
5340.1000000107615
6276.500000014168
6413.400000014666
6875.600000016348
7444.100000018416
7982.000000020373
8180.000000021093
8613.300000015006
9659.999999999774
9792.799999997842
1486.6999999992956
2383.000000000004
3203.000000002987
5167.300000010133
5339.100000010758
6276.400000014168
6414.900000014672
6880.500000016365
7449.300000018435
8178.900000021089
8901.60000001081
9669.099999999642
9763.699999998264
1489.2999999992933
2073.099999998876
2389.5000000000277
5043.900000009684
5177.1000000101685
5341.500000010767
6280.100000014181
8614.200000014993
9675.699999999546
9782.099999997998
986.5999999997504
1488.8999999992936
2070.899999998868
2379.799999999992
2970.4000000021406
3212.8000000030224
4096.700000006238
4334.400000007103
5003.400000009537
5169.700000010142
5337.500000010752
6278.900000014177
6410.900000014657
6881.70000001637
7444.100000018416
7978.300000020359
8178.600000021088
8612.000000015025
8905.900000010748
9661.399999999754
9785.799999997944
8643.500000014566
6880.100000016364
8621.30000001489
946.9999999997864
2955.700000002087
6287.200000014207
7971.400000020334
1489.599999999293
2382.1000000000004
2976.2000000021617
5191.30000001022
6278.8000000141765
7452.500000018446
8605.900000015114
9669.89999999963
2392.300000000037
5197.800000010244
5349.500000010796
6281.300000014186
6924.400000016525
8904.300000010771
9780.49999999802
187.9000000001085
368.3000000001495
981.599999999755
1387.0999999993862
1483.099999999299
1847.8999999989671
2036.299999998796
2376.6999999999807
2726.700000001254
2966.3000000021257
3035.900000002379
3191.9000000029464
3728.5000000048985
3846.600000005328
4079.700000006176
4294.100000006956
4505.900000007727
4988.000000009481
5038.400000009664
5158.100000010099
5333.000000010736
5467.400000011225
6023.200000013247
6161.60000001375
6271.60000001415
6405.000000014636
6777.700000015992
6873.50000001634
6920.30000001651
7262.800000017756
7438.600000018396
7716.700000019407
7972.500000020338
8164.100000021035
8600.0000000152
8687.700000013923
8893.100000010934
9091.700000008044
9647.29999999996
9754.999999998392
9887.09999999647
190.300000000109
607.4000000000954
948.2999999997852
1387.199999999386
1483.1999999992988
1606.199999999187
2038.299999998794
2376.999999999982
2597.900000000785
2944.3000000020456
3035.700000002378
3192.5000000029486
3848.900000005337
3989.200000005847
4082.3000000061857
4295.900000006963
4593.500000008045
4966.800000009403
5035.500000009653
5161.7000000101125
5334.10000001074
5480.100000011271
5584.800000011652
5965.400000013036
6168.600000013776
6272.300000014153
6406.10000001464
6872.500000016336
7264.200000017761
7439.200000018398
7946.100000020242
8165.800000021041
8579.700000015495
8649.100000014485
8898.600000010854
9088.50000000809
9585.600000000855
9656.999999999818
9759.29999999833
9893.599999996375
6284.500000014197
7986.500000020389
8632.100000014732
9779.89999999803
1864.799999998952
2395.0000000000477
3865.4000000053966
5199.200000010249
5341.100000010765
6283.800000014195
6870.300000016328
8623.800000014853
8900.000000010834
9780.099999998029
1487.1999999992952
1845.0999999989697
2380.4999999999945
2721.4000000012347
2847.3000000016928
3716.000000004853
3842.6000000053136
4333.7000000071
4858.300000009009
5171.300000010147
5340.1000000107615
6276.200000014167
6712.400000015754
6846.300000016241
6924.600000016526
7851.000000019896
8614.500000014988
8901.00000001082
9671.199999999611
9860.399999996858
7976.400000020352
192.10000000010945
359.40000000014743
636.7000000000687
952.5999999997814
1389.8999999993837
1484.9999999992972
1613.69999999918
2039.8999999987925
2377.599999999984
2955.5000000020864
3036.500000002381
3193.200000002951
3990.300000005851
4082.000000006185
4296.300000006964
4963.500000009391
5034.900000009651
5166.800000010131
5335.000000010743
5480.000000011271
5959.900000013016
6272.600000014154
6405.100000014636
6878.200000016357
6953.9000000166325
7265.500000017766
7440.900000018404
7960.000000020293
8173.0000000210675
8580.100000015489
8636.700000014665
8900.90000001082
9094.10000000801
9585.50000000086
9660.799999999765
9761.3999999983
9965.199999995331
933.199999999799
1487.1999999992952
2068.399999998859
2379.799999999992
2942.0000000020373
4321.300000007055
4968.70000000941
5175.700000010163
5339.200000010758
5955.500000013
6278.200000014174
6888.700000016395
7444.500000018417
7951.400000020261
8609.500000015061
8905.600000010752
9667.999999999658
9942.399999995663
930.1999999998018
1486.7999999992956
2067.0999999988544
2393.300000000041
2937.6000000020213
4312.100000007022
4973.400000009428
5172.7000000101525
6275.400000014164
6918.000000016502
7943.600000020233
7985.900000020387
8606.500000015105
8897.700000010867
9778.799999998046
9938.999999995714
746.5999999999688
9762.999999998276
7982.600000020375
1485.099999999297
2062.9999999988395
2378.599999999988
2972.6000000021486
3213.3000000030243
4303.50000000699
5036.600000009657
5168.100000010136
5336.400000010748
6274.100000014159
6917.9000000165015
7442.300000018409
7992.100000020409
8175.400000021076
8607.700000015087
8913.500000010637
9655.799999999836
931.5999999998004
1495.6999999992877
2940.600000002032
3569.100000004318
4979.50000000945
5568.400000011592
6281.900000014188
6921.2000000165135
7945.60000002024
8584.000000015432
9665.79999999969
9940.299999995696
1486.6999999992956
1782.1999999990269
2069.199999998862
2385.700000000013
2962.7000000021126
3870.1000000054137
5175.200000010162
5339.500000010759
6274.20000001416
6777.600000015991
6918.800000016505
7978.300000020359
8609.800000015057
8773.900000012669
8900.400000010828
9663.79999999972
9761.99999999829
8635.600000014681
569.8000000001296
936.2999999997962
1485.9999999992965
2057.2999999988187
2379.799999999992
2941.2000000020344
3039.9000000023934
3728.2000000048974
4093.5000000062255
4309.00000000701
4989.900000009488
5167.700000010134
5338.000000010754
5572.000000011605
6274.500000014161
6875.400000016347
6924.900000016527
7278.400000017813
7445.100000018419
7949.500000020254
8175.700000021077
8579.000000015505
8630.300000014759
8902.900000010792
9659.199999999786
9759.799999998322
9946.399999995609
961.2999999997736
2958.0000000020955
4982.800000009462
5972.300000013061
6281.600000014187
7963.900000020307
9986.199999995028
1487.5999999992948
2070.0999999988653
2383.600000000006
2960.0000000021028
4315.100000007033
5174.500000010159
6275.000000014163
6881.70000001637
7970.000000020329
8605.200000015124
8914.00000001063
9670.399999999623
9781.799999998002
1486.8999999992957
2067.3999999988555
2381.7999999999997
2730.700000001269
3715.700000004852
4313.000000007025
5043.000000009681
5172.600000010152
5344.600000010778
6277.10000001417
6918.400000016503
8179.400000021091
8611.100000015038
8905.200000010758
9662.599999999737
9788.199999997909
8626.300000014817
2725.000000001248
3710.300000004832
6706.200000015731
7707.200000019373
2968.8000000021348
194.30000000010992
741.899999999973
833.4999999998897
1483.6999999992984
1845.799999998969
2058.5999999988235
2378.199999999986
2835.2000000016487
3038.700000002389
3195.2000000029584
3841.5000000053096
4082.800000006188
4302.600000006987
4851.800000008985
5037.600000009661
5165.300000010126
5334.900000010743
5495.600000011327
6177.300000013807
6275.000000014163
6406.000000014639
6844.300000016234
6921.2000000165135
7441.700000018407
7837.500000019847
8168.6000000210515
8601.000000015185
8897.700000010867
9651.3999999999
9755.399999998386
9838.799999997173
1483.5999999992985
2063.4999999988413
2378.999999999989
2965.600000002123
3856.700000005365
4301.400000006983
5041.400000009675
5167.000000010132
5337.800000010753
6274.000000014159
6875.800000016348
7272.600000017792
7443.900000018415
7978.40000002036
8178.300000021087
8604.10000001514
8904.000000010776
9655.699999999835
9760.699999998307
198.50000000011087
653.1000000000538
1484.099999999298
1849.2999999989656
2061.199999998833
2378.199999999986
2984.800000002193
3198.3000000029697
3850.900000005344
4086.7000000062017
4298.700000006973
5036.500000009657
5166.800000010131
5335.800000010746
5493.200000011319
6273.3000000141565
6406.000000014639
6875.000000016345
6929.500000016544
7271.500000017788
7441.900000018408
8170.90000002106
8605.40000001512
8901.300000010815
9650.999999999904
9759.099999998332
5344.400000010777
6283.100000014192
6876.800000016352
8612.30000001502
1715.4999999990875
2714.5000000012096
3708.2000000048247
6706.8000000157335
7709.300000019381
8707.20000001364
1488.499999999294
2077.499999998892
2381.699999999999
3843.800000005318
4317.700000007042
5189.400000010213
5339.500000010759
6275.800000014166
6901.600000016442
7450.70000001844
8614.000000014996
9678.699999999502
9768.299999998198
706.2000000000055
1491.0999999992916
1699.9999999991016
2708.4000000011874
3703.8000000048087
3855.30000000536
5190.100000010216
5341.300000010766
6280.600000014183
6700.800000015712
7456.900000018462
7701.200000019351
8623.700000014855
8702.30000001371
8920.000000010543
9706.2999999991
193.20000000010967
930.5999999998014
1482.0999999992998
1864.0999999989524
2066.999999998854
2378.2999999999865
2934.800000002011
3039.400000002392
3193.8000000029533
3851.100000005345
4297.300000006968
5036.000000009655
5161.400000010111
5335.7000000107455
5933.900000012922
6176.700000013805
6273.900000014159
6412.000000014661
6869.900000016327
6922.90000001652
7277.50000001781
7443.100000018412
7947.700000020248
8176.600000021081
8602.200000015167
8896.300000010888
9658.099999999802
9776.699999998076
9891.8999999964
8639.300000014628
1502.0999999992816
1847.199999998968
2714.2000000012085
2854.6000000017198
3709.60000000483
3846.600000005328
5192.800000010226
6280.900000014184
6702.900000015719
6875.100000016346
7708.100000019376
8623.100000014863
8721.100000013437
8907.000000010732
9782.399999997991
992.6999999997448
8617.700000014942
6708.400000015739
5003.700000009538
7991.900000020409
8625.700000014825
9787.49999999792
2974.600000002156
4997.000000009513
7983.90000002038
8617.20000001495
8655.700000014389
9773.899999998115
198.40000000011085
1486.299999999296
1631.299999999164
1855.69999999896
2065.399999998848
2379.099999999989
2956.6000000020904
3039.6000000023923
3199.800000002975
3857.900000005369
4081.800000006184
4313.300000007026
5035.700000009654
5165.500000010126
5335.400000010744
6273.800000014158
6406.000000014639
6873.700000016341
6952.300000016627
7273.800000017796
7442.700000018411
7969.600000020328
8172.400000021065
8604.000000015141
8899.000000010848
9657.59999999981
9765.199999998244
9895.899999996342
5352.300000010806
6284.500000014197
8622.00000001488
9804.199999997676
8900.200000010831
6924.100000016524
2969.6000000021377
6287.6000000142085
6921.500000016515
7972.700000020339
8615.600000014972
8907.500000010725
2982.600000002185
5345.400000010781
6281.800000014187
6919.100000016506
8613.700000015
9669.099999999642
939.0999999997936
2960.600000002105
7974.900000020347
8614.900000014983
5349.800000010797
8629.300000014773
1484.4999999992976
1849.5999999989656
2066.5999999988526
2378.4999999999877
3196.700000002964
3847.400000005331
4296.400000006965
5037.100000009659
5167.300000010133
5336.100000010747
6272.800000014155
6405.700000014638
6872.100000016335
7269.600000017781
7442.300000018409
8171.500000021062
8608.20000001508
8901.800000010808
9660.599999999766
9763.099999998274
5342.3000000107695
6284.100000014196
9784.099999997969
2973.00000000215
5345.20000001078
6289.100000014214
7982.700000020375
8617.80000001494
9774.599999998109
5341.700000010767
6281.800000014187
8617.300000014948
9768.89999999819
8612.30000001502
2975.70000000216
7977.800000020357
8615.200000014978
1008.7999999997304
1488.6999999992938
2069.8999999988646
2381.9
4328.800000007082
5043.600000009683
5186.900000010204
5339.400000010759
6278.100000014174
6879.7000000163625
7446.600000018425
7986.600000020389
8607.600000015089
9661.799999999748
9781.499999998006
957.2999999997772
1491.9999999992908
2956.4000000020897
5196.100000010238
5342.3000000107695
6281.300000014186
6893.300000016412
7975.9000000203505
8615.700000014971
9674.599999999562
745.9999999999693
1487.0999999992953
2059.299999998826
2380.399999999994
2976.7000000021635
4316.900000007039
4585.300000008016
5039.300000009667
5171.100000010147
5341.400000010766
5574.800000011615
6277.300000014171
6409.800000014653
6879.00000001636
7444.800000018418
7987.700000020393
8176.40000002108
8581.000000015476
8901.500000010812
9582.7000000009
9664.999999999702
9756.999999998365
8624.400000014844
199.20000000011103
552.7000000001451
933.8999999997984
1484.5999999992976
1565.499999999224
2064.6999999988457
2378.699999999988
2561.000000000651
2945.800000002051
3043.0000000024047
3556.600000004273
3877.600000005441
4302.900000006988
4566.700000007948
5036.600000009657
5166.000000010128
5338.200000010755
5563.3000000115735
6273.500000014157
6415.400000014673
6558.400000015194
6873.200000016339
6924.200000016524
7282.600000017828
7444.500000018417
7589.400000018944
7981.800000020372
8172.000000021064
8561.900000015754
8615.700000014971
8901.800000010808
9571.60000000106
9661.799999999748
9769.099999998189
5185.9000000102005
6280.500000014183
6876.30000001635
8614.900000014983
8899.500000010841
9675.099999999557
9775.399999998095
9893.29999999638
2973.500000002152
3929.400000005629
6914.70000001649
7979.300000020363
8614.900000014983
8896.20000001089
9901.099999996266
856.9999999998684
1486.4999999992958
1844.69999999897
2066.499999998852
2848.100000001696
3843.500000005317
4309.00000000701
5167.900000010135
5341.900000010768
6275.600000014165
6407.700000014645
6843.900000016232
6921.500000016515
7859.800000019928
8176.300000021079
8613.800000014999
9664.499999999707
9762.79999999828
9861.299999996843
195.70000000011024
929.2999999998026
1480.1999999993016
1851.199999998964
2055.0999999988107
2378.4999999999877
2849.800000001702
2935.600000002014
3039.800000002393
3211.5000000030177
3851.6000000053455
3919.100000005592
4085.8000000061984
4310.500000007016
4988.100000009481
5161.200000010111
5336.300000010748
5476.900000011259
5922.900000012882
6273.500000014157
6407.200000014644
6870.500000016329
6918.200000016503
7267.600000017774
7441.000000018404
7923.800000020161
7983.600000020378
8172.200000021065
8603.200000015153
8899.500000010841
9094.500000008004
9649.99999999992
9757.599999998354
9895.199999996352
8649.100000014485
1490.8999999992918
2071.39999999887
5181.700000010185
6279.80000001418
6877.100000016353
8612.200000015022
8913.30000001064
9799.09999999775
944.5999999997888
1489.2999999992933
2070.6999999988675
2382.500000000002
2957.200000002093
4108.000000006279
5173.500000010155
5339.300000010759
6277.800000014173
6889.400000016398
7447.500000018428
7971.5000000203345
8608.600000015074
8907.500000010725
9676.19999999954
9784.199999997967
2970.6000000021413
5195.300000010235
6282.40000001419
7974.000000020344
8613.00000001501
5348.300000010791
6919.900000016509
8624.400000014844
8904.500000010768
9896.899999996327
6925.300000016528
3566.400000004309
5566.800000011586
6292.500000014226
6927.600000016537
7979.900000020365
8607.300000015093
927.3999999998044
1486.5999999992955
2070.299999998866
2380.199999999993
2933.5000000020063
3873.700000005427
4331.700000007093
5175.200000010162
5337.9000000107535
5924.200000012886
6278.100000014174
6872.400000016336
6918.800000016505
7445.800000018422
7936.600000020207
8612.400000015019
8902.800000010793
9662.899999999732
9783.99999999797
9933.399999995796
6924.100000016524
937.7999999997947
2943.2000000020416
6287.500000014208
6922.90000001652
7983.000000020376
8614.300000014991
7989.000000020398
622.9000000000813
1489.1999999992934
2070.599999998867
2379.9999999999927
2972.1000000021468
4315.900000007036
5038.200000009663
5196.80000001024
5340.600000010763
6279.100000014178
6882.800000016374
7447.400000018428
7979.200000020362
8605.000000015127
8900.500000010827
9661.899999999749
7986.600000020389
8627.000000014807
188.1000000001085
738.9999999999757
928.0999999998036
1052.099999999691
1257.8999999995035
1482.1999999992995
1842.799999998972
2039.8999999987925
2377.3999999999837
2727.9000000012584
2847.100000001692
2970.9000000021424
3039.6000000023923
3192.300000002948
3719.4000000048654
3841.300000005309
3914.9000000055767
4080.900000006181
4295.400000006961
4844.90000000896
5032.600000009643
5157.800000010098
5333.900000010739
5486.200000011293
5916.90000001286
6028.800000013267
6163.900000013759
6272.000000014152
6406.000000014639
6775.800000015985
6845.500000016238
6914.900000016491
7262.700000017756
7438.900000018397
7853.000000019903
7916.800000020135
8164.600000021037
8602.900000015157
8691.600000013867
8895.700000010896
9090.500000008062
9647.799999999952
9756.099999998376
9853.199999996965
981.599999999755
2392.0000000000364
2971.8000000021457
5188.200000010209
6280.400000014182
6879.400000016361
7979.300000020363
8612.700000015015
9664.799999999705
5342.40000001077
6286.600000014205
6922.500000016518
7451.300000018442
8903.800000010779
190.10000000010896
362.000000000148
982.799999999754
1388.099999999385
1483.1999999992988
1847.399999998968
2040.499999998792
2376.999999999982
2968.100000002132
3038.0000000023865
3192.600000002949
3849.300000005338
4079.800000006177
4295.3000000069605
5032.900000009644
5157.400000010097
5332.800000010735
5473.300000011246
6025.700000013256
6163.500000013757
6272.400000014153
6404.800000014635
6868.10000001632
6920.400000016511
7265.000000017764
7439.300000018398
7973.00000002034
8122.400000020883
8601.800000015173
8897.800000010866
9092.100000008038
9648.59999999994
9756.599999998369
9890.899999996414
3853.200000005352
5195.300000010235
6280.600000014183
6871.600000016333
8900.100000010832
9676.599999999533
9786.199999997938
9897.699999996315
1487.399999999295
1701.1999999991006
2071.699999998871
2380.199999999993
2737.400000001293
3216.800000003037
3704.800000004812
3849.100000005337
4302.900000006988
5169.500000010141
5339.0000000107575
6274.000000014159
6408.600000014649
6703.00000001572
6773.500000015976
6879.10000001636
7272.00000001779
7702.300000019355
8612.200000015022
8709.100000013612
8897.700000010867
9663.09999999973
9763.499999998268
9888.899999996444
983.5999999997532
1485.8999999992964
2066.499999998852
2379.29999999999
2951.600000002072
3857.300000005367
4305.300000006997
4989.100000009485
5168.200000010136
5338.600000010756
6274.700000014162
6875.200000016346
6924.600000016526
7452.100000018445
7972.90000002034
8177.800000021085
8607.400000015092
8900.000000010834
9661.399999999754
9769.299999998184
6926.500000016533
1487.0999999992953
1850.599999998965
2070.4999999988668
2378.699999999988
3846.900000005329
4328.400000007081
5041.800000009676
5174.200000010158
5338.400000010755
6276.400000014168
6416.100000014676
6878.90000001636
7453.000000018448
8613.600000015002
9665.599999999691
9768.0999999982
933.8999999997984
6919.300000016507
1490.9999999992915
2386.2000000000157
5195.8000000102365
5340.400000010763
6284.200000014196
6918.900000016505
8617.20000001495
9673.799999999574
1486.6999999992956
1847.999999998967
2069.3999999988628
2378.2999999999865
2857.60000000173
3843.800000005318
4315.000000007032
5038.000000009663
5170.5000000101445
5339.300000010759
6275.5000000141645
6849.500000016253
7448.700000018433
8172.800000021067
8616.000000014967
9662.899999999732
6290.200000014218
8912.400000010653
936.399999999796
2942.500000002039
6921.000000016513
7981.500000020371
8633.900000014706
8938.10000001028
5176.0000000101645
6282.700000014191
6921.400000016514
8619.100000014922
9680.999999999469
934.199999999798
2962.1000000021104
6919.200000016506
189.70000000010887
1046.1999999996965
1391.3999999993823
1483.7999999992985
2045.6999999987872
2377.599999999984
2972.0000000021464
3039.7000000023927
3192.300000002948
3918.7000000055914
4081.700000006184
4294.600000006958
5033.900000009648
5158.700000010102
5334.6000000107415
5484.300000011286
6162.500000013753
6271.40000001415
6406.700000014642
6877.700000016355
6921.500000016515
7262.100000017754
7439.8000000184
8166.500000021044
8601.900000015172
8900.000000010834
9098.20000000795
9650.799999999908
9761.3999999983
8616.300000014962
2069.3999999988628
2969.5000000021373
4315.700000007035
5044.600000009687
5176.900000010168
6278.500000014175
6921.2000000165135
7980.600000020368
8901.70000001081
9671.399999999609
9783.199999997982
198.2000000001108
1485.099999999297
2062.9999999988395
2379.5999999999917
2970.4000000021406
3196.0000000029613
3865.000000005395
4301.800000006984
5038.700000009665
5165.500000010126
5337.800000010753
6273.800000014158
6877.000000016353
6921.300000016514
7272.20000001779
7444.500000018417
7981.30000002037
8172.300000021065
8605.000000015127
8899.60000001084
9661.299999999756
9780.099999998029
193.70000000010975
1388.499999999385
1483.8999999992982
1845.9999999989689
2061.2999999988333
2377.6999999999844
2847.3000000016928
2961.0000000021064
3195.70000000296
3843.7000000053176
4296.300000006964
4995.300000009507
5160.500000010108
5335.600000010745
5490.600000011309
6167.400000013771
6273.3000000141565
6414.000000014668
6847.000000016244
6921.000000016513
7267.100000017772
7443.700000018414
7971.400000020334
8170.100000021057
8603.200000015153
8897.700000010867
9658.399999999798
9763.199999998273
9891.299999996409
1487.6999999992947
2076.1999999988875
2381.399999999998
4326.400000007074
5045.100000009688
5340.300000010762
6281.0000000141845
6892.000000016407
7451.600000018443
8614.700000014986
8902.500000010798
9666.599999999678
1713.0999999990895
2712.700000001203
3707.500000004822
6283.2000000141925
6707.200000015735
7705.800000019368
8709.400000013607
9785.899999997942
1850.199999998965
2714.900000001211
3715.9000000048527
3853.8000000053535
5175.000000010161
6279.500000014179
6880.300000016365
7725.100000019438
8902.100000010803
9675.199999999551
9801.19999999772
1486.5999999992955
1846.699999998968
2973.7000000021526
3846.1000000053264
5171.700000010149
5349.000000010794
6275.000000014163
6869.700000016326
7276.000000017804
7992.40000002041
8611.200000015036
8913.600000010636
9781.799999998002
2070.899999998868
2968.8000000021348
4995.500000009508
5195.900000010237
6281.100000014185
7979.000000020362
8612.800000015013
740.799999999974
845.0999999998792
1484.7999999992974
1783.899999999025
1848.1999999989669
2067.9999999988577
2377.6999999999844
2829.800000001629
2972.3000000021475
3194.7000000029566
3714.2000000048474
3839.700000005303
4303.40000000699
5036.600000009657
5167.400000010133
5335.400000010744
5493.300000011319
6273.700000014158
6407.000000014643
6771.4000000159685
6870.70000001633
7271.300000017787
7442.000000018408
7838.600000019851
7986.000000020387
8606.300000015108
8898.300000010859
9658.499999999796
9759.99999999832
9844.099999997095
6920.700000016512
8637.600000014652
8611.60000001503
201.00000000011144
941.1999999997918
1485.199999999297
1846.5999999989683
2058.999999998825
2379.19999999999
2851.500000001708
2942.0000000020373
3843.200000005316
4303.100000006989
4989.500000009486
5165.200000010125
5338.100000010754
6274.100000014159
6845.300000016237
6918.300000016503
7276.800000017807
7454.700000018454
7975.100000020348
8177.300000021083
8604.10000001514
8900.200000010831
9097.000000007967
9660.29999999977
9763.799999998264
6299.300000014251
6921.800000016516
8619.100000014922
8905.300000010757
6925.400000016529
8914.100000010629
642.3000000000636
6922.800000016519
8613.00000001501
189.8000000001089
927.3999999998044
1390.699999999383
1483.1999999992988
1849.6999999989653
2064.5999999988453
2377.499999999984
2933.2000000020053
3037.800000002386
3192.90000000295
3850.400000005342
3916.200000005581
4082.800000006188
4295.900000006963
4999.900000009524
5158.100000010099
5333.800000010739
5466.10000001122
5919.500000012869
6165.800000013765
6271.900000014151
6407.800000014646
6793.000000016047
6873.50000001634
6917.4000000165
7265.700000017767
7440.300000018402
7922.500000020156
7984.7000000203825
8169.500000021055
8600.300000015195
8897.50000001087
9095.200000007992
9649.499999999927
9754.699999998396
9888.299999996452
2976.4000000021624
7981.600000020371
8618.700000014927
2973.200000002151
6285.100000014199
7977.000000020354
2970.1000000021395
5199.40000001025
6883.600000016377
7981.40000002037
8912.100000010658
936.7999999997958
1489.2999999992933
2087.299999998928
2386.800000000017
2972.6000000021486
3926.2000000056178
4326.000000007072
5170.300000010144
5339.400000010759
6275.600000014165
6875.000000016345
6920.600000016511
7447.100000018427
7982.800000020376
8609.400000015063
8901.00000001082
9664.099999999717
9770.19999999817
194.30000000010992
930.7999999998012
1482.6999999992993
2064.299999998844
2377.6999999999844
2937.6000000020213
3043.600000002407
3197.5000000029668
3564.300000004301
3871.2000000054177
4297.200000006968
4984.100000009466
5161.600000010112
5336.100000010747
5965.500000013037
6273.600000014158
6869.700000016326
6920.800000016512
7272.00000001779
7442.50000001841
7946.700000020244
8170.100000021057
8581.40000001547
8898.600000010854
9099.800000007926
9654.09999999986
9777.199999998067
9938.399999995723
196.20000000011035
707.3000000000045
1484.9999999992972
1708.9999999990937
1849.7999999989652
2069.799999998864
2378.999999999989
2709.2000000011903
3196.500000002963
3705.500000004815
3850.200000005341
4298.900000006974
5037.600000009661
5165.900000010128
5336.90000001075
5500.300000011344
6273.900000014159
6410.700000014656
6702.4000000157175
6864.800000016308
7268.400000017777
7443.700000018414
7705.100000019365
8173.200000021068
8611.300000015035
8704.300000013682
8899.000000010848
9663.999999999716
9761.499999998296
9892.799999996389
933.299999999799
2071.2999999988697
2937.500000002021
3845.600000005325
5178.100000010172
6278.900000014177
6873.300000016339
7946.5000000202435
8611.60000001503
8909.90000001069
9682.29999999945
6284.000000014195
6919.900000016509
7993.600000020415
8614.000000014996
6280.800000014184
6921.700000016515
8618.50000001493
731.6999999999823
1848.5999999989665
2712.8000000012034
3711.400000004836
6707.800000015737
9718.299999998926
633.2000000000719
2974.2000000021544
6287.90000001421
6925.80000001653
7985.800000020386
8610.30000001505
980.6999999997558
1486.8999999992957
2379.699999999992
2970.6000000021413
3856.800000005365
4326.100000007073
4984.600000009468
5171.200000010147
5343.4000000107735
6277.500000014172
6877.300000016354
7978.300000020359
8612.30000001502
8904.900000010763
9660.199999999772
9784.69999999796
1489.3999999992932
1711.2999999990914
1845.699999998969
2711.2000000011976
2845.0000000016844
3710.6000000048334
3847.400000005331
5170.5000000101445
5349.900000010797
6276.700000014169
6703.400000015721
6846.00000001624
6922.90000001652
7702.300000019355
7854.300000019908
8621.000000014894
8709.000000013613
8900.90000001082
9712.49999999901
9859.999999996864
2083.199999998913
5195.400000010235
5341.900000010768
6280.700000014183
8618.300000014933
5349.400000010795
6284.400000014197
6934.10000001656
8612.900000015012
8627.600000014798
2976.2000000021617
6282.1000000141885
6902.000000016444
8617.900000014939
9773.099999998129
1488.599999999294
2070.4999999988668
2381.0999999999967
2977.2000000021653
4328.800000007082
5038.500000009664
5177.900000010171
5340.700000010764
6277.00000001417
6919.600000016508
7451.500000018443
7987.000000020391
8614.200000014993
8899.800000010837
9662.699999999735
9783.599999997976
189.50000000010883
701.0000000000102
841.999999999882
1480.9999999993008
1694.099999999107
1780.0999999990288
1844.0999999989704
2061.799999998835
2377.599999999984
2707.200000001183
2836.700000001654
3042.6000000024032
3192.400000002948
3703.0000000048058
3840.6000000053054
4096.900000006239
4295.600000006962
4713.00000000848
4850.30000000898
5036.500000009657
5161.900000010113
5333.900000010739
5487.800000011299
6166.100000013767
6272.300000014153
6406.400000014641
6700.000000015709
6791.600000016042
6864.900000016309
6919.700000016508
7267.100000017772
7440.500000018403
7699.700000019346
7847.900000019885
8168.700000021052
8604.300000015137
8691.700000013865
8780.800000012568
8897.50000001087
9096.400000007976
9658.699999999792
9716.899999998946
9778.999999998045
9889.499999996437
2974.300000002155
6921.600000016515
7976.600000020353
8614.100000014994
2970.20000000214
5003.400000009537
7974.300000020345
8611.00000001504
2836.900000001655
5196.500000010239
5352.500000010807
6279.400000014179
6708.100000015738
8620.300000014904
9769.199999998184
194.80000000011003
1481.8999999993
2052.7999999988024
2378.199999999986
2972.400000002148
3193.700000002953
3885.900000005471
4301.200000006982
5036.200000009656
5161.900000010113
5336.400000010748
5481.600000011276
6192.400000013862
6274.20000001416
6875.800000016348
7271.900000017789
7441.300000018406
7985.200000020384
8170.400000021058
8615.10000001498
8900.000000010834
9663.899999999718
9782.499999997992
1488.1999999992945
2069.0999999988617
2383.000000000004
5171.300000010147
5343.600000010774
6282.60000001419
8187.0000000211185
8617.500000014945
9678.299999999508
9784.199999997967
8638.50000001464
2973.200000002151
7975.100000020348
7981.000000020369
1491.799999999291
2068.7999999988606
2389.700000000028
2964.3000000021184
5193.500000010228
5342.200000010769
6279.300000014178
6883.700000016377
7971.000000020333
8616.40000001496
8901.60000001081
9678.699999999502
9784.69999999796
6284.000000014195
8617.500000014945
9772.099999998143
704.9000000000067
1710.3999999990922
2714.8000000012107
3708.4000000048254
6287.200000014207
6702.300000015717
7701.800000019353
8626.700000014811
8704.600000013677
9783.799999997971
932.4999999997996
2938.2000000020234
3926.90000000562
6281.300000014186
6863.100000016302
8613.700000015
8900.500000010827
