702.5000000000089
709.8000000000022
831.7999999998913
1703.5999999990984
1710.699999999092
2705.4000000011765
2712.5000000012024
3705.500000004815
3715.0000000048494
4705.800000008454
4712.800000008479
5703.600000012084
5711.200000012112
6705.200000015728
6714.10000001576
7704.500000019363
7711.80000001939
8704.000000013686
8712.200000013567
9703.59999999914
9712.599999999007
864.3999999998616
1857.2999999989584
3856.0000000053615
7854.000000019907
768.4999999999488
786.5999999999324
823.7999999998985
836.3999999998871
1768.6999999990392
1783.199999999026
1838.9999999989752
2769.1000000014083
2779.900000001448
2825.500000001613
3768.800000005045
3822.40000000524
3830.900000005271
4770.70000000869
4815.500000008853
4830.000000008906
5768.300000012319
5820.500000012509
5829.200000012541
6769.900000015963
6821.100000016149
7768.800000019597
7821.000000019787
7830.600000019822
8770.300000012721
8817.200000012039
8826.7000000119
9767.199999998214
9777.999999998056
564.8000000001341
578.7000000001215
946.9999999997864
960.1999999997744
1594.4999999991976
1975.7999999988508
2974.300000002155
2987.800000002204
3945.100000005687
3953.300000005717
3979.8000000058128
4960.900000009382
4974.20000000943
5587.20000001166
5615.400000011763
5987.7000000131175
6950.50000001662
6972.200000016699
7951.200000020261
7968.000000020322
7977.600000020357
8625.200000014833
8974.000000009757
9971.299999995244
9986.399999995025
566.9000000001322
585.4000000001154
984.899999999752
1584.8999999992063
1993.7999999988344
2986.9000000022006
3995.800000005871
4985.10000000947
5001.200000009529
5578.300000011628
5595.700000011691
7596.000000018968
7985.300000020385
8597.000000015243
8993.900000009467
9977.09999999516
9989.599999994978
971.3999999997644
963.4999999997716
976.7999999997594
987.2999999997498
928.799999999803
942.5999999997904
1931.8999999988907
1963.499999998862
2932.5000000020027
2971.7000000021453
3930.100000005632
3941.700000005674
4930.400000009271
4977.200000009441
5928.700000012903
5938.600000012939
6929.500000016544
6941.200000016586
7931.70000002019
7954.600000020273
8927.10000001044
9926.89999999589
9940.499999995693
4033.100000006007
6999.400000016798
7025.200000016892
8007.600000020466
983.799999999753
4994.400000009504
5992.000000013133
7993.400000020414
852.4999999998724
873.0999999998537
3851.7000000053463
5856.40000001264
5881.000000012729
6849.700000016253
7855.500000019912
8857.500000011452
9851.799999996983
943.7999999997894
971.1999999997644
981.8999999997548
1983.099999998844
2981.6000000021813
3987.40000000584
4981.900000009458
5978.000000013082
5987.000000013115
6984.600000016744
7981.500000020371
8980.600000009661
8992.100000009494
9967.699999995297
9980.49999999511
9991.699999994948
875.4999999998515
1726.3999999990776
6719.400000015779
7848.300000019886
8715.100000013525
9852.69999999697
