108763
108764
108765
108766
108767
108768
108769
108770
108771
108772
108773
108774
108775
108776
108777
108778
108779
108780
108781
108782
108783
108784
108785
108786
108787
108788
108789
108790
108791
108792
108793
108794
108795
108796
108797
108798
108799
108800
108801
108802
108803
108804
108805
108806
108807
108808
108809
108810
108811
108812
108813
108814
108815
108816
108817
108818
108819
108820
108821
108822
108823
108824
108825
108826
108827
108828
108829
108830
108831
108832
108833
108834
108835
108836
108837
108838
108839
108840
108841
108842
108843
108844
108845
108846
108847
108848
108849
108850
108851
108852
108853
108854
108855
108856
108857
108858
108859
108860
108861
108862
108863
108864
108865
108866
108867
108868
108869
108870
108871
108872
108873
108874
108875
108876
108877
108878
108879
108880
108881
108882
108883
108884
108885
108886
108887
108888
108889
108890
108891
108892
108893
108894
108895
108896
108897
108898
108899
108900
108901
108902
108903
108904
108905
108906
108907
108908
108909
108910
108911
108912
108913
108914
108915
108916
108917
108918
108919
108920
108921
108922
108923
108924
108925
108926
108927
108928
108929
108930
108931
108932
108933
108934
108935
108936
108937
108938
108939
108940
108941
108942
108943
108944
108945
108946
108947
108948
108949
108950
108951
108952
108953
108954
108955
108956
108957
108958
108959
108960
108961
108962
108963
108964
108965
108966
108967
108968
108969
108970
108971
108972
108973
108974
108975
108976
108977
108978
108979
108980
108981
108982
108983
108984
108985
108986
108987
108988
108989
108990
108991
108992
108993
108994
108995
108996
108997
108998
108999
109000
109001
109002
109003
109004
109005
109006
109007
109008
109009
109010
109011
109012
109013
109014
109015
109016
109017
109018
109019
109020
109021
109022
109023
109024
109025
109026
109027
109028
109029
109030
109031
109032
109033
109034
109035
109036
109037
109038
109039
109040
109041
109042
109043
109044
109045
109046
109047
109048
109049
109050
109051
109052
109053
109054
109055
109056
109057
109058
109059
109060
109061
109062
109063
109064
109065
109066
109067
109068
109069
109070
109071
109072
109073
109074
109075
109076
109077
109078
109079
109080
109081
109082
109083
109084
109085
109086
109087
109088
109089
109090
109091
109092
109093
109094
109095
109096
109097
109098
109099
109100
109101
109102
109103
109104
109105
109106
109107
109108
109109
109110
109111
109112
109113
109114
109115
109116
109117
109118
109119
109120
109121
109122
109123
109124
109125
109126
109127
109128
109129
109130
109131
109132
109133
109134
109135
109136
109137
109138
109139
109140
109141
109142
109143
109144
109145
109146
109147
109148
109149
109150
109151
109152
109153
109154
109155
109156
109157
109158
109159
109160
109161
109162
109163
109164
109165
109166
109167
109168
109169
109170
109171
109172
109173
109174
109175
109176
109177
109178
109179
109180
109181
109182
109183
109184
109185
109186
109187
109188
109189
109190
109191
109192
109193
109194
109195
109196
109197
109198
109199
109200
109201
109202
109203
109204
109205
109206
109207
109208
109209
109210
109211
109212
109213
109214
109215
109216
109217
109218
109219
109220
109221
109222
109223
109224
109225
109226
109227
109228
109229
109230
109231
109232
109233
109234
109235
109236
109237
109238
109239
109240
109241
109242
109243
109244
109245
109246
109247
109248
109249
109250
109251
109252
109253
109254
109255
109256
109257
109258
109259
109260
109261
109262
109263
109264
109265
109266
109267
109268
109269
109270
109271
109272
109273
109274
109275
109276
109277
109278
109279
109280
109281
109282
109283
109284
109285
109286
109287
109288
109289
109290
109291
109292
109293
109294
109295
109296
109297
109298
109299
109300
109301
109302
109303
109304
109305
109306
109307
109308
109309
109310
109311
109312
109313
109314
109315
109316
109317
109318
109319
109320
109321
109322
109323
109324
109325
109326
109327
109328
109329
109330
109331
109332
109333
109334
109335
109336
109337
109338
109339
109340
109341
109342
109343
109344
109345
109346
109347
109348
109349
109350
109351
109352
109353
109354
109355
109356
109357
109358
109359
109360
109361
109362
109363
109364
109365
109366
109367
109368
109369
109370
109371
109372
109373
109374
109375
109376
109377
109378
109379
109380
109381
109382
109383
109384
109385
109386
109387
109388
109389
109390
109391
109392
109393
109394
109395
109396
109397
109398
109399
109400
109401
109402
109403
109404
109405
109406
109407
109408
109409
109410
109411
109412
109413
109414
109415
109416
109417
109418
109419
109420
109421
109422
109423
109424
109425
109426
109427
109428
109429
109430
109431
109432
109433
109434
109435
109436
109437
109438
109439
109440
109441
109442
109443
109444
109445
109446
109447
109448
109449
109450
109451
109452
109453
109454
109455
109456
109457
109458
109459
109460
109461
109462
109463
109464
109465
109466
109467
109468
109469
109470
109471
109472
109473
109474
109475
109476
109477
109478
109479
109480
109481
109482
109483
109484
109485
109486
109487
109488
109489
109490
109491
109492
109493
109494
109495
109496
109497
109498
109499
109500
109501
109502
109503
109504
109505
109506
109507
109508
109509
109510
109511
109512
109513
109514
109515
109516
109517
109518
109519
109520
109521
109522
109523
109524
109525
109526
109527
109528
109529
109530
109531
109532
109533
109534
109535
109536
109537
109538
109539
109540
109541
109542
109543
109544
109545
109546
109547
109548
109549
109550
109551
109552
109553
109554
109555
109556
109557
109558
109559
109560
109561
109562
109563
109564
109565
109566
109567
109568
109569
109570
109571
109572
109573
109574
109575
109576
109577
109578
109579
109580
109581
109582
109583
109584
109585
109586
109587
109588
109589
109590
109591
109592
109593
109594
109595
109596
109597
109598
109599
109600
109601
109602
109603
109604
109605
109606
109607
109608
109609
109610
109611
109612
109613
109614
109615
109616
109617
109618
109619
109620
109621
109622
109623
109624
109625
109626
109627
109628
109629
109630
109631
109632
109633
109634
109635
109636
109637
109638
109639
109640
109641
109642
109643
109644
109645
109646
109647
109648
109649
109650
109651
109652
109653
109654
109655
109656
109657
109658
109659
109660
109661
109662
109663
109664
109665
109666
109667
109668
109669
109670
109671
109672
109673
109674
109675
109676
109677
109678
109679
109680
109681
109682
109683
109684
109685
109686
109687
109688
109689
109690
109691
109692
109693
109694
109695
109696
109697
109698
109699
109700
109701
109702
109703
109704
109705
109706
109707
109708
109709
109710
109711
109712
109713
109714
109715
109716
109717
109718
109719
109720
109721
109722
109723
109724
109725
109726
109727
109728
109729
109730
109731
109732
109733
109734
109735
109736
109737
109738
109739
109740
109741
109742
109743
109744
109745
109746
109747
109748
109749
109750
109751
109752
109753
109754
109755
109756
109757
109758
109759
109760
109761
109762
109763
109764
109765
109766
109767
109768
109769
109770
109771
109772
109773
109774
109775
109776
109777
109778
109779
109780
109781
109782
109783
109784
109785
109786
109787
109788
109789
109790
109791
109792
109793
109794
109795
109796
109797
109798
109799
109800
109801
109802
109803
109804
109805
109806
109807
109808
109809
109810
109811
109812
109813
109814
109815
109816
109817
109818
109819
109820
109821
109822
109823
109824
109825
109826
109827
109828
109829
109830
109831
109832
109833
109834
109835
109836
109837
109838
109839
109840
109841
109842
109843
109844
109845
109846
109847
109848
109849
109850
109851
109852
109853
109854
109855
109856
109857
109858
109859
109860
109861
109862
109863
109864
109865
109866
109867
109868
109869
