161829
161830
161831
161832
161833
161834
161835
161836
161837
161838
161839
161840
161841
161842
161843
161844
161845
161846
161847
161848
161849
161850
161851
161852
161853
161854
161855
161856
161857
161858
161859
161860
161861
161862
161863
161864
161865
161866
161867
161868
161869
161870
161871
161872
161873
161874
161875
161876
161877
161878
161879
161880
161881
161882
161883
161884
161885
161886
161887
161888
161889
161890
161891
161892
161893
161894
161895
161896
161897
161898
161899
161900
161901
161902
161903
161904
161905
161906
161907
161908
161909
161910
161911
161912
161913
161914
161915
161916
161917
161918
161919
161920
161921
161922
161923
161924
161925
161926
161927
161928
161929
161930
161931
161932
161933
161934
161935
161936
161937
161938
161939
161940
161941
161942
161943
161944
161945
161946
161947
161948
161949
161950
161951
161952
161953
161954
161955
161956
161957
161958
161959
161960
161961
161962
161963
161964
161965
161966
161967
161968
161969
161970
161971
161972
161973
161974
161975
161976
161977
161978
161979
161980
161981
161982
161983
161984
161985
161986
161987
161988
161989
161990
161991
161992
161993
161994
161995
161996
161997
161998
161999
162000
162001
162002
162003
162004
162005
162006
162007
162008
162009
162010
162011
162012
162013
162014
162015
162016
162017
162018
162019
162020
162021
162022
162023
162024
162025
162026
162027
162028
162029
162030
162031
162032
162033
162034
162035
162036
162037
162038
162039
162040
162041
162042
162043
162044
162045
162046
162047
162048
162049
162050
162051
162052
162053
162054
162055
162056
162057
162058
162059
162060
162061
162062
162063
162064
162065
162066
162067
162068
162069
162070
162071
162072
162073
162074
162075
162076
162077
162078
162079
162080
162081
162082
162083
162084
162085
162086
162087
162088
162089
162090
162091
162092
162093
162094
162095
162096
162097
162098
162099
162100
162101
162102
162103
162104
162105
162106
162107
162108
162109
162110
162111
162112
162113
162114
162115
162116
162117
162118
162119
162120
162121
162122
162123
162124
162125
162126
162127
162128
162129
162130
162131
162132
162133
162134
162135
162136
162137
162138
162139
162140
162141
162142
162143
162144
162145
162146
162147
162148
162149
162150
162151
162152
162153
162154
162155
162156
162157
162158
162159
162160
162161
162162
162163
162164
162165
162166
162167
162168
162169
162170
162171
162172
162173
162174
162175
162176
162177
162178
162179
162180
162181
162182
162183
162184
162185
162186
162187
162188
162189
162190
162191
162192
162193
162194
162195
162196
162197
162198
162199
162200
162201
162202
162203
162204
162205
162206
162207
162208
162209
162210
162211
162212
162213
162214
162215
162216
162217
162218
162219
162220
162221
162222
162223
162224
162225
162226
162227
162228
162229
162230
162231
162232
162233
162234
162235
162236
162237
162238
162239
162240
162241
162242
162243
162244
162245
162246
162247
162248
162249
162250
162251
162252
162253
162254
162255
162256
162257
162258
162259
162260
162261
162262
162263
162264
162265
162266
162267
162268
162269
162270
162271
162272
162273
162274
162275
162276
162277
162278
162279
162280
162281
162282
162283
162284
162285
162286
162287
162288
162289
162290
162291
162292
162293
162294
162295
162296
162297
162298
162299
162300
162301
162302
162303
162304
162305
162306
162307
162308
162309
162310
162311
162312
162313
162314
162315
162316
162317
162318
162319
162320
162321
162322
162323
162324
162325
162326
162327
162328
162329
162330
162331
162332
162333
162334
162335
162336
162337
162338
162339
162340
162341
162342
162343
162344
162345
162346
162347
162348
162349
162350
162351
162352
162353
162354
162355
162356
162357
162358
162359
162360
162361
162362
162363
162364
162365
162366
162367
162368
162369
162370
162371
162372
162373
162374
162375
162376
162377
162378
162379
162380
162381
162382
162383
