158847
158848
158849
158850
158851
158852
158853
158854
158855
158856
158857
158858
158859
158860
158861
158862
158863
158864
158865
158866
158867
158868
158869
158870
158871
158872
158873
158874
158875
158876
158877
158878
158879
158880
158881
158882
158883
158884
158885
158886
158887
158888
158889
158890
158891
158892
158893
158894
158895
158896
158897
158898
158899
158900
158901
158902
158903
158904
158905
158906
158907
158908
158909
158910
158911
158912
158913
158914
158915
158916
158917
158918
158919
158920
158921
158922
158923
158924
158925
158926
158927
158928
158929
158930
158931
158932
158933
158934
158935
158936
158937
158938
158939
158940
158941
158942
158943
158944
158945
158946
158947
158948
158949
158950
158951
158952
158953
158954
158955
158956
158957
158958
158959
158960
158961
158962
158963
158964
158965
158966
158967
158968
158969
158970
158971
158972
158973
158974
158975
158976
158977
158978
158979
158980
158981
158982
158983
158984
158985
158986
158987
158988
158989
158990
158991
158992
158993
158994
158995
158996
158997
158998
158999
159000
159001
159002
159003
159004
159005
159006
159007
159008
159009
159010
159011
159012
159013
159014
159015
159016
159017
159018
159019
159020
159021
159022
159023
159024
159025
159026
159027
159028
159029
159030
159031
159032
159033
159034
159035
159036
159037
159038
159039
159040
159041
159042
159043
159044
159045
159046
159047
159048
159049
159050
159051
159052
159053
159054
159055
159056
159057
159058
159059
159060
159061
159062
159063
159064
159065
159066
159067
159068
159069
159070
159071
159072
159073
159074
159075
159076
159077
159078
159079
159080
159081
159082
159083
159084
159085
159086
159087
159088
159089
159090
159091
159092
159093
159094
159095
159096
159097
159098
159099
159100
159101
159102
159103
159104
159105
159106
159107
159108
159109
159110
159111
159112
159113
159114
159115
159116
159117
159118
159119
159120
159121
159122
159123
159124
159125
159126
159127
159128
159129
159130
159131
159132
159133
159134
159135
159136
159137
159138
159139
159140
159141
159142
159143
159144
159145
159146
159147
159148
159149
159150
159151
159152
159153
159154
159155
159156
159157
159158
159159
159160
159161
159162
159163
159164
159165
159166
159167
159168
159169
159170
159171
159172
159173
159174
159175
159176
159177
159178
159179
159180
159181
159182
159183
159184
159185
159186
159187
159188
159189
159190
159191
159192
159193
159194
159195
159196
159197
159198
159199
159200
159201
159202
159203
159204
159205
159206
159207
159208
159209
159210
159211
159212
159213
159214
159215
159216
159217
159218
159219
159220
159221
159222
159223
159224
159225
159226
159227
159228
159229
159230
159231
159232
159233
159234
159235
159236
159237
159238
159239
159240
159241
159242
159243
159244
159245
159246
159247
159248
159249
159250
159251
159252
159253
159254
159255
159256
159257
159258
159259
159260
159261
159262
159263
159264
159265
159266
159267
159268
159269
159270
159271
159272
159273
159274
159275
159276
159277
159278
159279
159280
159281
159282
159283
159284
159285
159286
159287
159288
159289
159290
159291
159292
159293
159294
159295
159296
159297
159298
159299
159300
159301
159302
159303
159304
159305
159306
159307
159308
159309
159310
159311
159312
159313
159314
159315
159316
159317
159318
159319
159320
159321
159322
159323
159324
159325
159326
159327
159328
159329
159330
159331
159332
159333
159334
159335
159336
159337
159338
159339
159340
159341
159342
159343
159344
159345
159346
159347
159348
159349
159350
159351
159352
159353
159354
159355
159356
159357
159358
159359
159360
159361
159362
159363
159364
159365
159366
159367
159368
159369
159370
159371
159372
159373
159374
159375
159376
159377
159378
159379
159380
159381
159382
159383
159384
159385
159386
159387
159388
159389
159390
159391
159392
159393
159394
159395
159396
159397
159398
159399
159400
159401
159402
159403
159404
159405
159406
159407
159408
159409
159410
159411
159412
159413
159414
159415
159416
159417
159418
159419
159420
159421
159422
159423
159424
159425
159426
159427
159428
159429
159430
159431
159432
159433
159434
159435
159436
159437
159438
159439
159440
159441
159442
159443
159444
159445
159446
159447
159448
159449
159450
159451
159452
159453
159454
159455
159456
159457
159458
159459
159460
159461
159462
159463
159464
159465
159466
159467
159468
159469
159470
159471
159472
159473
159474
159475
159476
159477
159478
159479
159480
159481
159482
159483
159484
159485
159486
159487
159488
159489
159490
159491
159492
159493
159494
159495
159496
159497
159498
159499
159500
159501
159502
159503
159504
159505
159506
159507
159508
159509
159510
159511
159512
159513
159514
159515
159516
159517
159518
159519
159520
159521
159522
159523
159524
159525
159526
159527
159528
159529
159530
159531
159532
159533
159534
159535
159536
159537
159538
159539
159540
159541
159542
159543
159544
159545
159546
159547
159548
159549
159550
159551
159552
159553
159554
159555
159556
159557
159558
159559
159560
159561
159562
159563
159564
159565
159566
159567
159568
159569
159570
159571
159572
159573
159574
159575
159576
159577
159578
159579
159580
159581
159582
159583
159584
159585
159586
159587
159588
159589
159590
159591
159592
159593
159594
159595
159596
159597
159598
159599
159600
159601
159602
159603
159604
159605
159606
159607
159608
159609
159610
159611
159612
159613
159614
159615
159616
159617
159618
159619
159620
159621
159622
159623
159624
159625
159626
159627
159628
159629
159630
159631
159632
159633
159634
159635
159636
159637
159638
159639
159640
159641
159642
159643
159644
159645
159646
159647
159648
159649
159650
159651
159652
159653
159654
159655
159656
159657
159658
159659
159660
159661
159662
159663
159664
159665
159666
159667
159668
159669
159670
159671
159672
159673
159674
159675
159676
159677
159678
159679
159680
159681
159682
159683
159684
159685
159686
159687
159688
159689
159690
159691
159692
159693
159694
159695
159696
159697
159698
159699
159700
159701
159702
159703
159704
159705
159706
159707
159708
159709
159710
159711
159712
159713
159714
159715
159716
159717
159718
159719
159720
159721
159722
159723
159724
159725
159726
159727
159728
159729
159730
159731
159732
159733
159734
159735
159736
159737
159738
159739
159740
159741
159742
159743
159744
159745
159746
159747
159748
159749
159750
159751
159752
159753
159754
159755
159756
159757
159758
159759
159760
159761
159762
159763
159764
159765
159766
159767
159768
159769
159770
159771
159772
159773
159774
159775
159776
159777
159778
159779
159780
159781
159782
159783
159784
159785
159786
159787
159788
159789
159790
159791
159792
159793
159794
159795
159796
159797
159798
159799
159800
159801
159802
159803
159804
159805
159806
159807
159808
159809
159810
159811
159812
159813
159814
159815
159816
159817
159818
159819
159820
159821
159822
159823
159824
159825
159826
159827
159828
159829
159830
159831
159832
159833
159834
159835
159836
159837
159838
159839
159840
159841
159842
159843
159844
159845
