581.400000000119
734.19999999998
982.3999999997544
1750.9999999990553
2582.2000000007283
2745.2000000013213
3583.500000004371
3734.6000000049207
3856.400000005364
4577.600000007988
4739.000000008575
5586.200000011657
5774.800000012343
6586.100000015294
6742.900000015865
6865.400000016311
7735.400000019476
7755.600000019549
8583.700000015437
8762.900000012829
8893.500000010928
9579.300000000949
9744.599999998543
9757.399999998355
9894.999999996357
575.4000000001245
733.9999999999802
1611.599999999182
1759.7999999990473
2584.4000000007363
3584.100000004373
3727.200000004894
4578.100000007989
5593.200000011682
6586.900000015297
6748.600000015886
6875.900000016349
7736.70000001948
7756.700000019553
8600.70000001519
8782.400000012545
8902.200000010802
9580.200000000936
9745.699999998527
9781.499999998006
600.8000000001014
740.5999999999742
1758.4999999990484
2590.300000000758
3746.000000004962
4581.300000008001
6598.900000015341
6748.3000000158845
6883.200000016375
7748.600000019524
8613.700000015
8769.900000012727
9583.500000000888
9746.29999999852
579.1000000001211
734.29999999998
1602.99999999919
1753.599999999053
2583.3000000007323
3584.600000004375
3730.9000000049073
3745.8000000049615
4578.30000000799
4756.600000008639
5589.90000001167
6587.300000015299
6746.200000015877
6874.300000016343
7738.000000019485
7754.100000019544
8596.200000015255
8770.100000012724
8898.90000001085
9579.500000000946
9744.19999999855
9768.399999998195
615.8000000000877
1756.4999999990505
2589.500000000755
3593.400000004407
3741.800000004947
4580.000000007996
6590.600000015311
6748.400000015885
6891.100000016404
7748.400000019523
8616.600000014958
8771.700000012701
9582.300000000903
9746.89999999851
582.3000000001182
734.7999999999795
1599.199999999193
1762.4999999990448
2584.000000000735
3585.6000000043787
3750.90000000498
4580.300000007997
5590.200000011671
6587.6000000153
6760.600000015929
6875.500000016347
7752.200000019537
8598.100000015227
8779.900000012582
8898.400000010857
9581.30000000092
9747.899999998495
9776.299999998082
575.0000000001248
738.699999999976
1755.4999999990512
2584.5000000007367
3584.2000000043736
3721.800000004874
3849.90000000534
4578.100000007989
4777.600000008715
5590.700000011673
6586.900000015297
6746.600000015878
6868.800000016323
7733.300000019468
7758.60000001956
8604.400000015135
8770.800000012714
8896.300000010888
9581.100000000924
9746.099999998522
9781.799999998002
9901.399999996262
607.6000000000952
1758.3999999990483
2597.6000000007843
3745.100000004959
4583.000000008007
6601.40000001535
6748.600000015886
6879.900000016363
7748.800000019524
8612.600000015016
8904.600000010767
9584.500000000871
9746.699999998513
583.3000000001173
739.1999999999755
1758.0999999990488
2585.2000000007392
3586.500000004382
3744.5000000049567
4579.600000007995
4782.300000008732
5601.5000000117125
6588.500000015303
6750.600000015893
6875.600000016348
7748.200000019522
8612.800000015013
8772.800000012685
8898.700000010853
9581.700000000914
9747.399999998504
9778.899999998044
573.4000000001263
726.7999999999868
1611.699999999182
1754.0999999990524
2582.5000000007294
2727.400000001257
2846.9000000016918
3581.900000004365
3717.80000000486
3776.9000000050746
4577.400000007987
4736.600000008566
5587.600000011662
5782.1000000123695
6585.900000015294
6739.900000015854
6871.900000016334
7725.60000001944
7755.80000001955
8600.100000015198
8745.60000001308
8894.400000010915
9579.400000000947
9742.999999998568
9775.0999999981
9893.499999996377
612.200000000091
1759.4999999990475
2597.400000000784
3745.000000004959
4583.500000008009
6594.300000015324
6749.100000015887
6876.900000016352
7750.600000019531
8621.100000014892
8804.80000001222
9583.900000000882
9746.599999998514
572.0000000001276
733.5999999999806
976.5999999997596
1608.699999999185
1753.7999999990527
2581.7000000007265
2846.800000001691
3580.3000000043594
3719.9000000048673
3766.9000000050382
3854.600000005357
4576.300000007983
4758.100000008644
5584.40000001165
5773.600000012339
6583.000000015283
6745.500000015874
6866.400000016314
7731.600000019462
7754.400000019545
7986.200000020388
8580.200000015488
8626.700000014811
8764.700000012803
8896.400000010886
9578.700000000958
9744.999999998538
9761.099999998303
607.5000000000953
744.7999999999704
1768.5999999990393
2594.500000000773
3752.000000004984
4584.300000008012
6598.300000015339
6766.700000015951
6882.400000016372
7753.10000001954
8615.500000014974
8900.000000010834
9584.70000000087
9748.99999999848
575.1000000001247
726.6999999999869
1612.799999999181
1750.299999999056
2583.500000000733
2730.600000001268
3583.700000004372
3720.900000004871
3774.100000005064
4577.700000007988
4740.100000008579
5588.400000011665
5769.100000012322
6585.900000015294
6743.200000015866
6873.800000016341
7727.400000019446
7754.700000019546
8600.300000015195
8766.500000012777
8900.000000010834
9580.100000000935
9743.799999998557
9757.499999998356
1767.2999999990404
3766.1000000050353
4587.600000008024
6804.300000016088
7754.300000019544
9753.79999999841
577.5000000001226
731.1999999999828
1694.4999999991066
1757.2999999990495
2586.000000000742
2727.6000000012573
3588.0000000043874
3720.100000004868
3767.100000005039
4579.700000007995
4736.500000008566
5606.20000001173
5769.500000012324
6588.900000015305
6740.400000015856
6876.100000016349
7726.000000019441
7754.300000019544
8601.600000015176
8725.600000013372
8780.900000012567
8912.100000010658
9581.900000000913
9743.199999998564
9759.19999999833
581.9000000001186
737.6999999999769
1762.4999999990448
2581.9000000007272
3583.1000000043696
3741.7000000049466
4577.200000007986
5585.3000000116535
6585.300000015292
6761.300000015932
6880.800000016367
7748.300000019522
8578.800000015508
8809.100000012157
8911.000000010674
9578.200000000965
9746.999999998508
9784.59999999796
571.8000000001277
733.099999999981
1605.6999999991874
1745.9999999990598
2582.100000000728
2740.3000000013035
2837.700000001658
3579.900000004358
3725.300000004887
3765.9000000050346
3853.100000005352
4576.400000007983
4752.500000008624
5582.800000011644
5764.100000012304
6580.700000015275
6744.900000015872
6871.000000016331
6964.10000001667
7732.500000019465
7753.900000019543
8582.10000001546
8629.700000014767
8762.500000012835
8898.000000010863
9578.50000000096
9676.999999999529
9746.19999999852
9758.099999998349
9954.499999995489
580.5000000001198
735.399999999979
1756.0999999990506
2584.800000000738
3584.100000004373
3721.6000000048734
4578.500000007991
5591.000000011674
6587.100000015298
6745.900000015876
6875.200000016346
7732.600000019465
7756.800000019553
8601.800000015173
8785.900000012494
8897.700000010867
9580.500000000931
9745.799999998526
578.4000000001217
735.7999999999786
1756.89999999905
2582.400000000729
3584.100000004373
3738.800000004936
4578.20000000799
4763.900000008665
5586.000000011656
5778.200000012355
6586.100000015294
6745.700000015875
6876.800000016352
7748.000000019521
8598.800000015217
8763.100000012826
8927.400000010435
9580.100000000935
9745.599999998529
9757.599999998354
611.0000000000921
740.2999999999745
1771.2999999990368
2584.300000000736
3585.200000004377
3765.200000005032
4578.400000007991
5591.300000011675
6586.900000015297
6771.90000001597
6893.000000016411
7753.8000000195425
8584.700000015422
8900.500000010827
9579.500000000946
9749.59999999847
582.4000000001181
737.599999999977
1605.2999999991878
1760.099999999047
2587.000000000746
3586.4000000043816
3740.500000004942
4580.200000007997
5596.500000011694
6588.600000015304
6752.7000000159005
6882.700000016373
7747.60000001952
8607.100000015096
8779.900000012582
8911.90000001066
9582.6000000009
9746.89999999851
9784.799999997958
601.5000000001007
740.4999999999743
1754.3999999990522
2593.100000000768
3743.4000000049527
4581.400000008001
6591.500000015314
6746.800000015879
6878.800000016359
7747.900000019521
8614.800000014984
8766.90000001277
9583.100000000892
9746.399999998515
9795.5999999978
576.9000000001231
743.7999999999713
1752.8999999990535
2584.300000000736
3585.200000004377
3730.500000004906
4578.100000007989
4780.700000008726
5602.300000011715
6588.100000015302
6746.900000015879
6877.200000016353
7739.600000019491
7753.500000019541
8605.600000015118
8768.800000012743
8906.600000010738
9581.400000000918
9745.899999998524
9790.19999999788
572.600000000127
726.2999999999872
1607.999999999185
1747.899999999058
2582.100000000728
2729.600000001265
3578.4000000043525
3711.5000000048367
3766.600000005037
4576.900000007985
4738.500000008573
5580.700000011637
5773.100000012337
6579.700000015271
6723.500000015794
6869.300000016325
6919.0000000165055
7726.100000019442
7753.500000019541
8580.800000015479
8722.000000013424
8801.800000012263
8895.100000010905
9578.800000000956
9741.799999998584
9756.899999998364
9889.899999996427
582.3000000001182
733.5999999999806
981.1999999997554
1753.399999999053
2585.5000000007403
3587.5000000043856
3726.600000004892
4579.300000007994
4748.80000000861
5602.300000011715
5771.800000012332
6588.300000015302
6746.000000015876
6874.800000016345
7736.50000001948
7754.200000019544
8601.700000015175
8763.400000012822
8899.100000010847
9580.700000000928
9744.89999999854
9760.999999998305
574.0000000001257
734.8999999999794
979.5999999997568
1610.6999999991829
1756.1999999990503
2583.100000000732
2969.0000000021355
3583.1000000043696
3739.80000000494
3878.6000000054446
4577.800000007988
4779.300000008721
5587.20000001166
6586.000000015294
6748.500000015885
6869.100000016324
6956.600000016642
7747.300000019519
7977.200000020355
8599.400000015208
8768.000000012755
8896.10000001089
9579.700000000945
9746.19999999852
9761.799999998291
9952.99999999551
1764.8999999990426
2598.300000000787
3741.100000004944
4580.200000007997
6592.200000015317
6759.000000015923
6936.000000016567
7746.400000019516
8619.100000014922
8791.800000012408
9584.200000000876
9748.599999998483
731.6999999999823
1763.299999999044
2583.9000000007345
3585.200000004377
3739.90000000494
4578.600000007991
5602.100000011715
6588.200000015302
6757.400000015918
6880.400000016365
7735.700000019477
8613.00000001501
8788.500000012456
8897.600000010869
9580.900000000926
9747.799999998497
574.9000000001249
737.6999999999769
1605.199999999188
1764.8999999990426
2582.5000000007294
3583.1000000043696
3750.600000004979
4578.000000007989
5587.5000000116615
6586.700000015297
6764.8000000159445
6879.200000016361
7608.900000019015
7752.700000019538
8599.800000015202
8797.400000012327
8897.900000010864
9580.300000000934
9749.099999998478
584.2000000001165
736.5999999999779
1753.399999999053
2587.000000000746
2731.2000000012704
3585.6000000043787
3722.5000000048767
3767.700000005041
4579.400000007994
4738.600000008573
5610.500000011745
5772.300000012334
6588.500000015303
6740.800000015857
6881.300000016368
7728.100000019449
7755.200000019548
8612.500000015018
8728.700000013327
8800.400000012283
8918.300000010568
9582.300000000903
9743.699999998556
9759.399999998328
586.2000000001146
739.9999999999748
979.399999999757
1757.4999999990494
2588.0000000007494
2970.500000002141
3743.700000004954
4581.7000000080025
6589.900000015308
6752.200000015899
6874.300000016343
7750.900000019532
7977.900000020358
8608.500000015076
8775.800000012641
8900.100000010832
9582.500000000902
9746.699999998513
9781.799999998002
575.5000000001244
732.5999999999815
983.8999999997528
1609.7999999991837
1749.3999999990567
2583.100000000732
3583.20000000437
3721.500000004873
3770.10000000505
4577.800000007988
4751.100000008619
5587.300000011661
5777.900000012354
6586.300000015295
6744.40000001587
6873.800000016341
7731.900000019463
7755.200000019548
8598.900000015215
8764.9000000128
8898.90000001085
9580.200000000936
9744.79999999854
9764.09999999826
608.1000000000947
1760.9999999990462
2592.400000000765
3748.9000000049728
4582.800000008007
6593.300000015321
6752.400000015899
7751.500000019534
8617.20000001495
9584.300000000876
9748.499999998488
590.7000000001105
727.0999999999865
1748.099999999058
1851.599999998964
2583.3000000007323
2738.200000001296
2836.2000000016524
3583.9000000043725
3730.300000004905
3845.600000005325
4578.100000007989
4738.600000008573
4856.300000009001
5586.200000011657
5779.200000012359
6586.200000015295
6743.500000015867
6863.500000016304
6923.200000016521
7734.200000019471
7758.60000001956
8595.700000015262
8764.9000000128
8889.400000010988
9579.90000000094
9743.899999998554
9765.699999998236
9887.199999996468
613.30000000009
742.6999999999723
1761.199999999046
2588.3000000007505
3741.500000004946
4581.400000008001
6592.200000015317
6754.600000015907
6881.100000016368
7749.700000019528
8612.700000015015
8781.800000012554
8900.700000010824
9582.800000000898
9747.4999999985
577.1000000001229
740.0999999999747
1758.1999999990487
2587.000000000746
2977.2000000021653
3587.900000004387
3742.200000004949
4579.5000000079945
5608.400000011738
6589.100000015305
6751.400000015896
6872.200000016335
7749.200000019526
7985.600000020386
8610.30000001505
8777.100000012622
8897.400000010872
9582.00000000091
9746.699999998513
9783.199999997982
9906.899999996182
586.8000000001141
1619.4999999991749
1763.299999999044
2589.500000000755
3763.000000005024
4582.100000008004
5615.400000011763
6590.900000015312
6760.600000015929
6875.800000016348
7752.800000019539
8607.600000015089
8898.500000010856
9583.500000000888
9748.99999999848
571.8000000001277
726.3999999999871
743.4999999999716
1606.499999999187
1714.2999999990886
1765.7999999990418
1888.59999999893
2581.2000000007247
2728.40000000126
3575.200000004341
3711.000000004835
3764.000000005028
3880.600000005452
4574.700000007977
4735.400000008562
5578.500000011629
5757.700000012281
6576.400000015259
6715.800000015766
6765.400000015947
6867.500000016318
6886.0000000163855
7593.80000001896
7727.500000019447
7754.200000019544
7922.3000000201555
8579.4000000155
8691.600000013867
8775.300000012649
8885.10000001105
8899.200000010846
9577.700000000972
9689.299999999348
9744.499999998545
9779.699999998033
9886.099999996484
590.9000000001104
733.6999999999805
1608.4999999991849
1751.4999999990548
2582.900000000731
3585.0000000043765
3727.100000004893
4578.600000007991
4749.200000008612
5587.00000001166
6586.900000015297
6745.200000015873
6876.900000016352
7741.900000019499
7754.200000019544
8590.800000015333
8765.60000001279
8909.2000000107
9579.90000000094
9743.299999998562
9780.099999998029
619.1000000000847
1760.7999999990463
2588.20000000075
3741.4000000049455
4581.500000008002
6590.800000015312
6748.400000015885
6891.400000016405
7749.900000019528
8615.700000014971
8776.500000012631
9582.900000000896
9747.299999998504
9781.399999998008
580.7000000001196
738.3999999999762
1611.799999999182
1766.8999999990408
2584.5000000007367
3584.600000004375
3761.90000000502
4579.900000007996
5592.100000011678
6587.300000015299
6769.300000015961
6872.700000016337
7753.300000019541
8600.900000015186
8800.700000012279
8896.700000010882
9581.900000000913
9751.099999998449
585.9000000001149
745.19999999997
1761.5999999990456
2587.300000000747
3589.4000000043925
3744.200000004956
4580.700000007999
6588.100000015302
6752.900000015901
6877.600000016355
7750.50000001953
8614.100000014994
8775.600000012644
8911.600000010665
9582.800000000898
9747.899999998495
9781.29999999801
610.7000000000924
1762.9999999990443
2584.1000000007352
3587.900000004387
3751.700000004983
4580.400000007998
5602.800000011717
6588.600000015304
6763.100000015938
6881.600000016369
7751.700000019535
8602.900000015157
8802.400000012254
8902.100000010803
9581.30000000092
9748.599999998483
589.4000000001117
738.1999999999764
1753.2999999990532
2590.7000000007592
3731.3000000049087
4581.000000008
6592.200000015317
6749.300000015888
6873.1000000163385
7741.800000019499
7753.500000019541
8618.700000014927
8773.000000012682
8899.900000010835
9583.30000000089
9746.999999998508
9780.59999999802
580.7000000001196
726.6999999999869
1742.599999999063
2587.500000000748
2715.700000001214
3586.9000000043834
3709.8000000048314
3781.3000000050906
4580.400000007998
4725.700000008526
6590.000000015309
6712.000000015752
6876.700000016352
7717.200000019409
7755.90000001955
8616.200000014964
8720.400000013447
8899.400000010843
9583.000000000897
9743.699999998556
9783.099999997983
583.600000000117
742.4999999999725
957.399999999777
1602.4999999991903
1759.3999999990476
2584.300000000736
3585.0000000043765
3745.100000004959
4578.800000007992
4783.200000008736
5591.6000000116765
6587.6000000153
6749.200000015888
6890.300000016401
7748.800000019524
8601.200000015182
8769.400000012734
8902.3000000108
9580.800000000929
9747.199999998506
9768.699999998193
1766.9999999990407
2587.900000000749
3595.2000000044136
3741.9000000049473
4580.600000007999
6591.900000015316
6765.300000015946
7750.700000019531
8615.300000014977
9582.7000000009
9749.59999999847
579.1000000001211
738.9999999999757
1612.8999999991809
1756.89999999905
2585.6000000007407
3585.700000004379
3734.900000004922
4579.100000007993
4784.900000008742
5598.900000011703
6587.5000000153
6748.000000015883
6879.400000016361
7738.200000019486
7754.200000019544
8613.800000014999
8772.300000012692
9581.900000000913
9746.699999998513
9785.299999997953
573.9000000001258
726.6999999999869
1608.8999999991845
1755.0999999990515
2583.700000000734
2721.200000001234
3582.5000000043674
3710.4000000048327
3770.0000000050495
4576.700000007984
4739.000000008575
5587.900000011663
5793.1000000124095
6585.500000015292
6717.700000015773
6873.40000001634
7724.100000019434
7755.300000019548
8599.600000015205
8722.600000013415
8896.400000010886
9579.400000000947
9744.09999999855
9782.699999997987
617.700000000086
1763.0999999990445
2595.900000000778
3751.8000000049833
4584.200000008012
6599.800000015344
6760.70000001593
6876.30000001635
7752.800000019539
8614.700000014986
8786.700000012483
8910.700000010678
9584.200000000876
9748.699999998484
577.000000000123
735.8999999999785
982.1999999997544
1630.399999999165
1754.1999999990524
2583.500000000733
2971.100000002143
3584.100000004373
3739.100000004937
4578.400000007991
4773.3000000087
5589.200000011668
5774.600000012342
6586.500000015296
6745.600000015875
6869.800000016327
7743.100000019504
7753.8000000195425
7979.900000020365
8601.900000015172
8765.60000001279
8895.800000010895
9580.900000000926
9745.699999998527
9760.999999998305
9898.899999996298
574.2000000001256
735.299999999979
948.3999999997852
1607.5999999991857
1756.69999999905
2582.2000000007283
2730.9000000012693
2963.400000002115
3582.0000000043656
3722.5000000048767
4577.3000000079865
4745.800000008599
5586.000000011656
5961.800000013023
6585.600000015293
6745.300000015874
6873.200000016339
6951.000000016622
7729.6000000194545
7756.400000019552
7963.000000020304
8583.800000015435
8727.900000013338
8897.400000010872
9578.900000000956
9744.89999999854
9783.099999997983
9944.19999999564
590.9000000001104
737.8999999999767
1756.5999999990502
2588.20000000075
3587.8000000043867
3735.200000004923
4580.700000007999
4780.200000008725
5782.500000012371
6589.600000015307
6749.4000000158885
6881.9000000163705
7745.600000019513
7756.400000019552
8614.200000014993
8767.300000012765
9582.6000000009
9746.19999999852
9763.599999998269
607.1000000000956
744.099999999971
1762.7999999990443
2585.5000000007403
3588.0000000043874
3746.200000004963
4580.600000007999
6589.600000015307
6758.400000015921
6880.400000016365
7748.900000019525
8620.700000014898
8907.300000010728
9582.100000000908
9747.999999998494
574.800000000125
729.0999999999847
951.5999999997824
1605.8999999991872
1750.4999999990555
2582.900000000731
2729.9000000012657
2969.6000000021377
3582.0000000043656
3717.5000000048585
4577.800000007988
4744.000000008593
5587.700000011662
6585.500000015292
6737.600000015846
6873.1000000163385
6966.700000016679
7730.500000019458
7755.300000019548
7978.000000020358
8599.30000001521
8729.80000001331
8898.000000010863
9579.800000000942
9688.999999999352
9746.099999998522
9953.599999995502
575.2000000001246
738.4999999999761
1755.0999999990515
2584.7000000007374
2834.300000001645
3584.5000000043747
3728.5000000048985
4578.500000007991
4766.100000008673
5594.100000011686
5783.500000012375
6587.5000000153
6746.200000015877
6877.300000016354
7735.300000019475
7755.600000019549
8603.900000015143
8765.500000012791
8902.000000010805
9581.000000000924
9745.699999998527
9758.399999998344
577.6000000001225
729.3999999999844
1632.1999999991633
1746.999999999059
1890.0999999989288
2585.0000000007385
2734.5000000012824
2846.400000001689
3586.300000004381
3711.300000004836
3762.000000005021
3905.400000005542
4579.300000007994
4739.000000008575
5598.1000000117
5766.900000012314
5925.400000012891
6588.300000015302
6714.400000015761
6767.600000015955
6867.000000016316
6891.600000016406
7724.900000019437
7753.10000001954
8603.500000015149
8741.100000013146
8888.800000010997
9582.00000000091
9742.899999998568
9757.89999999835
9886.599999996475
578.100000000122
739.4999999999752
1756.2999999990504
2584.1000000007352
3585.200000004377
3741.600000004946
4578.700000007992
5600.300000011708
6587.5000000153
6747.800000015883
6871.300000016332
7747.50000001952
8602.300000015166
8775.600000012644
8897.600000010869
9580.300000000934
9746.19999999852
9788.7999999979
577.8000000001223
738.9999999999757
1645.699999999151
1758.6999999990485
2583.100000000732
3582.600000004368
3737.700000004932
4577.000000007985
4778.600000008719
5585.200000011653
6585.100000015291
6747.600000015882
6875.900000016349
7739.40000001949
7753.900000019543
8595.500000015265
8773.80000001267
8897.200000010875
9578.900000000956
9746.399999998515
9783.29999999798
583.9000000001167
724.8999999999885
1604.4999999991885
1717.8999999990854
1760.6999999990464
2581.2000000007247
2721.9000000012365
3577.100000004348
3711.1000000048352
3745.8000000049615
4575.800000007981
4729.200000008539
5578.500000011629
5752.200000012261
6576.200000015258
6592.600000015318
6712.900000015756
6759.700000015926
6870.400000016329
7588.000000018939
7722.2000000194275
7752.300000019537
8578.500000015512
8703.300000013696
8777.20000001262
8896.20000001089
9577.80000000097
9737.99999999864
9779.599999998034
576.0000000001239
735.1999999999791
1616.5999999991775
1747.6999999990585
2585.30000000074
2739.8000000013017
3586.300000004381
3713.1000000048425
3760.6000000050153
4579.000000007993
4748.000000008608
5603.900000011721
5757.40000001228
6588.200000015302
6743.200000015866
6871.600000016333
7729.900000019456
7753.10000001954
8606.500000015105
8758.70000001289
8896.000000010892
9581.700000000914
9744.699999998542
9760.099999998318
605.4000000000972
734.29999999998
1757.6999999990492
2592.400000000765
2727.7000000012576
3715.3000000048505
4581.400000008001
4737.000000008567
6592.400000015317
6731.500000015823
6879.900000016363
7726.100000019442
8615.300000014977
8775.700000012643
8901.100000010818
9583.500000000888
9745.699999998527
611.0000000000921
750.8999999999648
1759.3999999990476
2593.8000000007705
2747.5000000013297
3728.400000004898
4582.900000008007
6595.400000015328
6746.700000015879
6893.7000000164135
7737.700000019484
7756.0000000195505
8614.500000014988
8801.200000012272
9584.200000000876
9745.899999998524
605.1000000000975
735.0999999999792
1748.5999999990574
2584.200000000736
3585.700000004379
3739.5000000049386
3850.200000005341
4579.400000007994
4744.400000008594
5590.400000011672
5767.300000012316
6587.100000015298
6745.400000015874
6871.400000016332
7736.400000019479
7754.500000019545
8601.200000015182
8764.20000001281
8892.300000010946
9581.500000000917
9745.099999998536
9762.899999998275
9889.699999996432
578.100000000122
734.3999999999799
1607.099999999186
1754.0999999990524
2584.600000000737
3585.6000000043787
3728.5000000048985
3767.50000000504
4579.100000007993
4766.600000008675
5593.400000011683
5774.00000001234
6587.5000000153
6747.2000000158805
6873.700000016341
7738.100000019485
7753.00000001954
8601.600000015176
8764.600000012804
8896.500000010885
9580.200000000936
9746.19999999852
9768.399999998195
573.0000000001266
614.7000000000887
733.199999999981
1597.4999999991949
1756.69999999905
2580.400000000722
3578.600000004353
3738.000000004933
4576.300000007983
4777.900000008716
5580.9000000116375
6578.500000015267
6589.400000015306
6746.800000015879
6868.400000016321
7583.600000018923
7739.700000019491
7753.400000019541
8579.4000000155
8628.400000014786
8775.300000012649
8896.10000001089
9578.100000000966
9745.49999999853
9768.499999998196
9901.999999996253
590.0000000001112
738.4999999999761
1756.79999999905
2588.0000000007494
3589.800000004394
3743.4000000049527
4580.700000007999
4777.600000008715
5612.000000011751
5778.000000012355
6589.800000015308
6748.3000000158845
6876.100000016349
7750.30000001953
8610.800000015042
8769.500000012733
8900.700000010824
9582.900000000896
9746.29999999852
9781.099999998012
573.6000000001261
729.1999999999846
1610.199999999183
1757.899999999049
2583.200000000732
2731.3000000012707
3583.3000000043703
3719.100000004864
3850.5000000053424
4577.500000007987
4753.500000008628
5587.800000011663
6586.100000015294
6745.400000015874
6867.400000016318
7728.40000001945
7756.200000019551
8600.300000015195
8769.500000012733
8896.20000001089
9579.90000000094
9745.899999998524
9783.29999999798
9898.199999996308
575.2000000001246
736.5999999999779
1608.0999999991852
1754.499999999052
2581.4000000007254
2732.200000001274
3579.8000000043576
3723.40000000488
3770.600000005052
4577.100000007986
4744.900000008596
5583.1000000116455
5776.80000001235
6579.50000001527
6743.800000015868
6877.200000016353
7729.800000019455
7754.700000019546
8585.300000015413
8764.600000012804
8900.500000010827
9578.900000000956
9744.999999998538
9772.499999998136
602.7000000000996
737.1999999999773
1771.3999999990367
2597.1000000007825
3757.1000000050026
4582.200000008004
6594.800000015326
6777.800000015992
6892.100000016408
7753.20000001954
8615.300000014977
9584.400000000876
9749.59999999847
577.3000000001227
734.6999999999796
1617.6999999991765
1754.8999999990515
2584.4000000007363
3585.200000004377
3725.4000000048873
4578.400000007991
4768.400000008682
5594.700000011688
5780.300000012363
6587.400000015299
6746.1000000158765
6873.1000000163385
7735.300000019475
7755.300000019548
8601.200000015182
8768.700000012745
8897.50000001087
9580.60000000093
9744.999999998538
9769.59999999818
582.9000000001176
735.7999999999786
1756.1999999990503
2584.800000000738
3585.100000004377
3725.700000004888
4578.800000007992
4768.200000008681
5781.200000012366
6587.6000000153
6744.700000015871
6879.600000016362
7731.700000019462
7755.200000019548
8601.900000015172
8768.900000012742
9581.000000000924
9745.299999998531
9781.799999998002
575.2000000001246
730.2999999999836
1614.1999999991797
1756.5999999990502
2582.5000000007294
3581.000000004362
3728.300000004898
4576.900000007985
4777.700000008716
5582.600000011644
6585.200000015291
6747.2000000158805
6874.800000016345
7736.70000001948
7755.300000019548
8590.40000001534
8773.000000012682
8897.400000010872
9579.500000000946
9746.099999998522
9782.099999997998
588.2000000001128
740.9999999999739
967.5999999997678
1753.2999999990532
2589.1000000007534
3604.2000000044463
3744.5000000049567
4580.500000007998
4784.40000000874
5778.900000012358
6591.200000015313
6747.800000015883
6876.400000016351
7748.500000019523
8613.800000014999
8765.800000012787
8911.30000001067
9582.6000000009
9746.499999998516
9782.499999997992
578.8000000001214
726.2999999999872
980.9999999997556
1610.6999999991829
1755.799999999051
1873.599999998944
2582.100000000728
2737.200000001292
3583.4000000043707
3719.7000000048665
3767.900000005042
3849.90000000534
4578.20000000799
4745.100000008597
5586.000000011656
5775.100000012344
6586.200000015295
6745.700000015875
6863.400000016303
7728.600000019451
7754.300000019544
8594.900000015274
8764.20000001281
8892.00000001095
9579.90000000094
9745.599999998529
9759.499999998328
9887.499999996464
577.9000000001222
736.5999999999779
1614.0999999991798
1759.8999999990472
2585.30000000074
3587.2000000043845
3740.600000004943
4579.200000007993
5591.300000011675
6587.100000015298
6746.600000015878
6876.30000001635
7744.80000001951
7756.800000019553
8601.200000015182
8780.400000012574
8901.00000001082
9581.100000000924
9745.799999998526
9783.799999997971
584.2000000001165
736.0999999999783
1764.1999999990433
2585.8000000007414
3586.9000000043834
3728.300000004898
4579.600000007995
6589.600000015307
6752.7000000159005
6892.100000016408
7741.000000019496
7754.000000019543
8613.800000014999
8787.800000012467
9581.900000000913
9748.199999998493
582.6000000001179
736.399999999978
1751.8999999990544
2584.600000000737
3584.900000004376
3736.200000004927
4579.300000007994
4779.00000000872
5596.300000011694
5776.6000000123495
6587.300000015299
6746.300000015877
6872.300000016336
7743.200000019504
7754.000000019543
8604.400000015135
8770.900000012713
8900.000000010834
9581.000000000924
9745.599999998529
574.5000000001253
733.199999999981
972.5999999997632
1607.199999999186
1755.3999999990513
2582.3000000007287
2844.800000001684
2971.100000002143
3577.0000000043474
3728.9000000049
3783.100000005097
4575.700000007981
4781.200000008728
5582.600000011644
5785.700000012383
6576.50000001526
6747.00000001588
6870.400000016329
6956.600000016642
7739.000000019489
7753.00000001954
7979.000000020362
8584.80000001542
8614.700000014986
8768.700000012745
8897.200000010875
9578.60000000096
9745.49999999853
9771.399999998152
9952.799999995514
