911.9999999998184
926.1999999998054
1902.899999998917
1917.199999998904
2905.8000000019056
2934.3000000020093
3904.500000005539
3923.1000000056074
4906.700000009185
5902.900000012809
6907.300000016463
6929.100000016542
7904.900000020092
8907.300000010728
9910.599999996128
9929.599999995851
913.7999999998168
941.5999999997914
1922.9999999988988
2920.70000000196
2958.6000000020977
3918.5000000055898
4916.40000000922
5917.900000012864
6918.500000016504
8920.500000010536
9916.299999996045
9932.899999995803
8800.800000012277
975.1999999997608
910.3999999998198
928.799999999803
1915.5999999989056
3941.5000000056734
5918.900000012867
5951.900000012987
6910.100000016473
6930.600000016548
7919.000000020143
8909.90000001069
8942.400000010217
9907.599999996171
908.2999999998216
917.799999999813
1908.899999998912
3914.800000005576
5913.000000012846
6907.900000016465
7916.500000020134
7933.600000020197
9913.499999996086
2913.300000001933
6911.100000016477
8925.600000010461
9908.699999996155
907.3999999998224
917.4999999998132
1896.7999999989229
1910.4999999989104
2900.700000001887
2919.2000000019543
3897.700000005514
3908.900000005555
4899.80000000916
4913.800000009211
5898.300000012792
5920.400000012873
6897.400000016427
6906.9000000164615
7898.70000002007
7911.000000020114
8897.600000010869
8921.900000010515
9898.6999999963
9909.09999999615
1912.899999998908
2922.900000001968
3908.5000000055534
6904.200000016452
6953.10000001663
8921.000000010528
9937.599999995737
975.5999999997604
999.6999999997386
1981.3999999988455
2975.200000002158
3980.200000005814
4979.300000009449
4989.500000009486
5974.400000013069
6976.700000016715
6986.20000001675
7979.800000020365
7996.300000020425
8980.300000009665
9976.899999995165
1923.899999998898
