6288.300000014211
6886.900000016389
5177.60000001017
6283.100000014192
6881.100000016368
8616.000000014967
9782.799999997987
6880.200000016364
8617.80000001494
8907.20000001073
1490.0999999992923
2086.3999999989246
5173.000000010154
6280.400000014182
6876.30000001635
8189.500000021128
8639.300000014628
8904.200000010773
9679.099999999497
1486.7999999992956
2064.0999999988435
2379.5999999999917
3049.2000000024277
4313.800000007028
5038.900000009666
5170.300000010144
5339.900000010761
6275.000000014163
6408.400000014648
6892.000000016407
7444.600000018418
8175.600000021077
8615.200000014978
8909.800000010691
9662.799999999734
9766.999999998216
205.5000000001125
1486.7999999992956
2071.2999999988697
2382.300000000001
3202.200000002984
5040.200000009671
5172.900000010153
5341.600000010767
6277.7000000141725
6412.000000014661
6919.900000016509
8175.800000021078
8607.300000015093
9669.19999999964
9769.799999998177
1488.9999999992935
2076.399999998888
4325.800000007072
5173.700000010156
5340.900000010764
6279.400000014179
7448.800000018433
8612.500000015018
9670.59999999962
1486.8999999992957
2064.499999998845
2380.199999999993
2978.200000002169
4090.300000006215
4315.500000007034
5039.800000009669
5174.70000001016
5337.700000010753
6276.200000014167
6408.400000014648
6775.700000015984
6922.600000016519
7445.800000018422
8186.300000021116
8615.300000014977
8773.300000012678
9667.79999999966
9758.699999998338
6289.100000014214
8625.200000014833
6282.700000014191
8903.600000010782
1489.2999999992933
2382.7000000000025
5189.500000010214
6278.700000014176
7453.40000001845
8655.0000000144
8772.100000012695
9674.79999999956
9763.499999998268
1491.1999999992915
2084.1999999989166
2387.900000000021
5193.400000010228
5347.700000010789
6280.500000014183
7443.800000018415
187.7000000001084
433.8000000001644
1052.1999999996908
1248.4999999995125
1387.5999999993858
1481.4999999993004
1847.4999999989675
2042.9999999987897
2376.799999999981
2967.6000000021304
3037.1000000023832
3191.500000002945
3843.7000000053176
4079.2000000061744
4293.900000006955
5032.5000000096425
5155.900000010091
5332.300000010733
5454.100000011176
6029.60000001327
6160.400000013746
6271.60000001415
6405.000000014636
6769.400000015961
6869.300000016325
6920.400000016511
7263.400000017758
7436.500000018388
7968.800000020325
8119.300000020872
8600.400000015194
8768.100000012753
8897.300000010873
9089.800000008072
9648.299999999945
9752.699999998424
9889.499999996437
188.40000000010855
741.6999999999732
1388.5999999993849
1482.999999999299
1847.299999998968
2041.6999999987909
2377.299999999983
2731.3000000012707
2970.30000000214
3041.7000000024
3193.1000000029508
3751.8000000049833
3846.500000005328
4084.300000006193
4295.500000006961
5033.000000009644
5158.800000010102
5333.800000010739
5472.900000011245
6162.700000013754
6272.000000014152
6405.000000014636
6774.000000015978
6873.40000001634
7264.700000017763
7439.100000018398
7802.300000019719
7982.000000020373
8167.600000021048
8601.800000015173
8801.100000012273
8898.700000010853
9099.200000007935
9655.099999999846
9757.29999999836
9896.09999999634
6286.900000014206
6881.200000016368
8632.30000001473
8912.00000001066
9782.399999997991
5041.900000009677
5341.700000010767
6281.600000014187
6881.400000016369
8615.900000014968
8899.900000010835
9764.599999998252
9894.499999996362
198.40000000011085
1487.499999999295
2076.9999999988904
2381.7999999999997
3917.1000000055847
4313.000000007025
5167.700000010134
5338.400000010755
6276.200000014167
6875.100000016346
7454.000000018452
8178.100000021086
8616.300000014962
8897.50000001087
9662.499999999738
9898.299999996309
192.0000000001094
675.2000000000337
1058.499999999685
1395.5999999993785
1485.099999999297
1767.3999999990403
1858.5999999989572
2052.5999999988016
2378.199999999986
2729.3000000012635
2841.300000001671
2973.500000002152
3040.8000000023967
3196.4000000029628
3719.100000004864
3849.000000005337
4082.400000006186
4297.000000006967
5034.7000000096505
5160.6000000101085
5334.6000000107415
5474.700000011251
5778.100000012355
6169.70000001378
6273.3000000141565
6405.900000014639
6765.100000015946
6874.200000016343
7264.900000017764
7440.600000018403
7738.200000019486
7983.700000020379
8168.800000021052
8605.700000015117
8763.800000012816
8901.100000010818
9098.000000007953
9655.49999999984
9749.59999999847
1486.8999999992957
2067.599999998856
2380.299999999994
4317.300000007041
5039.000000009666
5178.2000000101725
5338.400000010755
6277.500000014172
6884.000000016378
7446.600000018425
8187.50000002112
8614.100000014994
8915.500000010608
9661.099999999758
9770.099999998172
1486.5999999992955
2066.0999999988508
2386.0000000000146
2968.600000002134
3853.8000000053535
4333.100000007098
5038.300000009664
5175.300000010162
6275.5000000141645
6867.300000016317
7280.30000001782
7443.500000018414
7980.500000020367
8614.100000014994
8897.800000010866
9664.39999999971
9784.099999997969
9892.099999996395
1484.7999999992974
2064.799999998846
2378.399999999987
2970.6000000021413
3205.1000000029944
4301.800000006984
5038.600000009665
5164.000000010121
5336.500000010748
6273.700000014158
6874.500000016344
7273.000000017793
7440.400000018402
7980.900000020369
8177.900000021085
8614.200000014993
8902.3000000108
9659.69999999978
9776.699999998076
1497.0999999992862
1846.799999998968
2971.900000002146
3846.900000005329
6281.200000014185
6874.600000016344
7983.000000020376
8622.70000001487
8896.400000010886
9782.999999997985
9887.999999996457
1487.0999999992953
2067.9999999988577
2380.299999999994
3858.0000000053697
5053.500000009719
5173.500000010155
5341.100000010765
6277.600000014172
6875.500000016347
7449.100000018434
8175.000000021075
8604.500000015134
8902.500000010798
9661.099999999758
9762.69999999828
3878.200000005443
6871.300000016332
8635.500000014683
8902.500000010798
9891.099999996411
8917.700000010576
9904.399999996218
201.10000000011144
1485.4999999992967
1847.8999999989671
2056.299999998815
2380.199999999993
2604.400000000809
2969.400000002137
3846.400000005328
4310.500000007016
4599.400000008067
5036.100000009656
5168.100000010136
5338.300000010755
5614.800000011761
6275.100000014163
6418.100000014683
6774.800000015981
6867.700000016319
7441.500000018406
7978.000000020358
8173.70000002107
8588.30000001537
8785.300000012503
8891.000000010965
9587.400000000833
9671.799999999605
9758.199999998344
9883.69999999652
6282.1000000141885
9675.199999999551
1487.7999999992946
2078.299999998895
2384.600000000009
4315.800000007035
5171.400000010148
6277.800000014173
6884.300000016379
8611.500000015032
8911.500000010667
9659.999999999774
9766.89999999822
1486.6999999992956
2067.1999999988548
2383.000000000004
4313.400000007026
5166.60000001013
5341.800000010768
6276.90000001417
6878.700000016359
7447.500000018428
8178.000000021086
8616.100000014965
8899.800000010837
9663.299999999726
9785.39999999795
6923.00000001652
8904.700000010766
193.8000000001098
1485.099999999297
1849.2999999989656
2051.7999999987987
2378.199999999986
2969.3000000021366
3042.4000000024025
3197.4000000029664
3850.3000000053416
4083.4000000061897
4298.500000006972
5033.600000009647
5160.700000010109
5335.200000010744
5493.50000001132
6027.00000001326
6273.500000014157
6405.800000014639
6869.800000016327
6924.100000016524
7271.800000017789
7442.50000001841
7981.40000002037
8168.30000002105
8602.900000015157
8896.10000001089
9099.300000007934
9661.799999999748
9760.199999998316
9889.599999996432
197.90000000011077
1483.8999999992982
2067.8999999988573
2379.5999999999917
2600.700000000796
2970.30000000214
4303.900000006992
5039.700000009669
5167.500000010134
5338.700000010756
5610.3000000117445
6274.30000001416
6873.000000016338
7271.500000017788
7441.500000018406
7980.000000020365
8177.900000021085
8601.100000015183
8894.300000010917
9586.200000000848
9670.199999999626
9783.899999997971
9888.299999996452
196.20000000011035
1482.999999999299
1878.799999998939
2063.09999999884
2378.199999999986
2971.8000000021457
3197.7000000029675
3872.900000005424
4088.300000006208
4303.900000006992
5036.600000009657
5160.90000001011
5335.900000010746
5489.300000011304
6172.60000001379
6274.30000001416
6406.800000014642
6874.800000016345
7272.00000001779
7441.500000018406
7985.500000020385
8169.600000021055
8605.900000015114
8902.200000010802
9657.59999999981
9762.399999998284
5343.300000010773
6281.100000014185
6894.700000016417
8615.000000014981
8908.400000010712
9763.199999998273
6917.800000016501
8901.300000010815
1488.8999999992936
2382.600000000002
3869.3000000054103
5185.000000010197
5338.800000010757
6279.200000014178
6920.700000016512
7449.600000018436
8612.30000001502
9668.099999999657
9765.599999998238
1491.2999999992917
2085.899999998923
2384.9000000000106
5179.800000010178
5338.900000010757
6282.1000000141885
6920.800000016512
7452.400000018446
8609.100000015067
8900.30000001083
8907.500000010725
192.70000000010955
1482.899999999299
1846.4999999989684
2064.499999998845
2378.4999999999877
2964.200000002118
3049.300000002428
3196.1000000029617
3845.700000005325
4296.500000006965
5032.5000000096425
5163.100000010118
5334.800000010742
6171.400000013786
6273.3000000141565
6410.400000014655
6874.600000016344
7266.200000017769
7442.60000001841
7974.200000020344
8175.300000021076
8608.90000001507
8896.300000010888
9105.70000000784
9658.599999999797
9780.199999998023
9888.099999996455
662.9000000000449
1495.6999999992877
3912.000000005566
5194.900000010233
6283.2000000141925
6879.10000001636
8611.500000015032
8900.000000010834
8915.40000001061
9674.999999999556
9772.099999998143
8900.700000010824
195.40000000011017
649.5000000000571
1484.199999999298
1857.2999999989584
2059.899999998828
2378.8999999999887
2973.300000002151
3043.100000002405
3196.200000002962
3857.300000005367
4084.600000006194
4308.200000007008
5036.100000009656
5166.200000010129
5336.400000010748
5497.800000011335
6273.900000014159
6406.700000014642
6876.30000001635
7271.900000017789
7443.300000018413
8168.700000021052
8606.300000015108
8899.60000001084
9657.699999999808
9764.499999998254
8652.100000014441
9765.49999999824
8911.500000010667
2969.8000000021384
3877.40000000544
6282.200000014189
6880.600000016366
7980.000000020365
8899.200000010846
9771.299999998157
3880.10000000545
5345.800000010782
6281.300000014186
6875.800000016348
8605.300000015122
8891.200000010962
9756.799999998366
9887.299999996469
2969.6000000021377
7989.200000020399
6916.200000016495
8615.80000001497
8903.100000010789
8616.200000014964
8901.400000010814
204.90000000011236
1484.3999999992975
1867.3999999989492
2064.499999998845
2378.599999999988
2972.400000002148
3200.2000000029766
3870.1000000054137
4304.700000006995
5036.700000009658
5167.600000010134
5336.100000010747
5500.000000011343
6274.20000001416
6407.500000014645
6867.600000016319
6921.800000016516
7441.400000018406
7984.500000020382
8177.200000021083
8609.700000015058
8900.000000010834
9660.099999999771
9761.899999998292
9888.49999999645
8619.600000014914
6923.10000001652
8907.600000010723
9761.2999999983
5195.900000010237
6285.100000014199
8617.500000014945
9758.099999998349
5346.300000010784
6287.800000014209
8619.100000014922
9772.799999998131
2970.7000000021417
8623.900000014852
1487.7999999992946
2068.899999998861
2381.9
4328.400000007081
5172.200000010151
5341.000000010765
6278.300000014175
6923.300000016521
7447.200000018427
8187.0000000211185
8615.300000014977
9666.299999999685
9779.19999999804
1496.099999999287
2972.6000000021486
5036.9000000096585
5200.100000010252
6280.500000014183
6883.000000016375
7451.7000000184435
7980.400000020367
8891.900000010952
9777.09999999807
9889.399999996436
735.9999999999784
1488.1999999992945
2067.6999999988566
2380.4999999999945
2730.000000001266
2979.5000000021737
3716.900000004856
4333.7000000071
5041.500000009675
5170.900000010146
5339.70000001076
6274.700000014162
6879.7000000163625
7271.000000017786
7445.30000001842
7995.300000020421
8614.100000014994
8897.600000010869
9664.199999999712
9747.099999998509
9891.699999996405
199.8000000001112
731.8999999999821
1485.099999999297
1727.199999999077
1848.399999998967
2064.8999999988464
2378.999999999989
2716.1000000012154
2970.20000000214
3209.40000000301
3710.9000000048345
3862.000000005384
4301.700000006984
4727.300000008532
5036.500000009657
5167.400000010133
5338.300000010755
6274.000000014159
6415.7000000146745
6713.700000015759
6877.600000016355
7441.900000018408
7716.200000019406
8171.500000021062
8603.000000015156
8722.30000001342
8897.50000001087
9661.399999999754
9746.799999998511
9895.599999996346
6921.400000016514
8903.300000010786
9906.099999996191
3845.1000000053223
3916.100000005581
5180.900000010182
5343.200000010773
6281.500000014186
6912.900000016483
8179.800000021092
8615.300000014977
8897.600000010869
9764.79999999825
9899.299999996292
2973.800000002153
6285.000000014199
6883.200000016375
8617.400000014946
8771.200000012708
9774.099999998114
1485.8999999992964
2066.7999999988533
2381.5999999999985
2970.1000000021395
3205.1000000029944
3877.100000005439
4310.200000007015
5166.50000001013
5341.800000010768
6275.5000000141645
6872.900000016338
7277.50000001781
7974.800000020346
8174.600000021073
8609.100000015067
8902.900000010792
9660.99999999976
9781.499999998006
9902.399999996249
192.10000000010945
739.1999999999755
953.3999999997808
1391.3999999993823
1485.299999999297
1786.6999999990228
1850.599999998965
2055.8999999988137
2378.699999999988
2858.400000001733
2964.4000000021188
3041.8000000024003
3722.1000000048753
3845.300000005324
3910.8000000055617
4098.300000006244
4306.900000007003
5034.100000009648
5164.500000010123
5336.000000010747
5487.7000000112985
5893.100000012773
6272.900000014155
6407.000000014643
6778.500000015994
6865.600000016311
6919.300000016507
7265.500000017766
7442.100000018408
7766.100000019587
7928.300000020177
8172.700000021066
8600.900000015186
8886.800000011026
9101.300000007905
9659.899999999776
9749.69999999847
9870.59999999671
1492.4999999992904
2385.300000000012
2730.800000001269
5192.5000000102245
6280.300000014182
6893.300000016412
8616.800000014955
9764.09999999826
957.399999999777
1489.7999999992928
1865.699999998951
2069.799999998864
2384.9000000000106
2964.4000000021188
3854.200000005356
5037.700000009661
5186.200000010202
5339.0000000107575
6279.200000014178
6877.800000016356
7444.600000018418
7967.200000020319
8612.500000015018
8900.800000010822
9665.899999999689
9762.69999999828
2964.3000000021184
3855.100000005359
5349.200000010795
6282.200000014189
6877.300000016354
7981.20000002037
8612.900000015012
8901.800000010808
9673.099999999584
9893.799999996372
6782.70000001601
8620.800000014897
8903.600000010782
9758.59999999834
2980.3000000021766
5350.300000010799
6881.200000016368
8613.900000014997
8898.100000010862
9902.79999999624
2728.900000001262
2973.7000000021526
6284.900000014199
6893.300000016412
8905.500000010754
9755.299999998388
9894.799999996358
8907.300000010728
911.5999999998188
1485.6999999992966
1781.8999999990272
2073.299999998877
2380.9999999999964
3851.4000000053456
3915.1000000055774
5037.500000009661
5183.200000010191
5338.700000010756
5905.80000001282
6276.400000014168
6769.700000015962
6874.900000016345
6936.200000016568
7445.30000001842
7775.400000019621
8605.300000015122
8779.500000012587
8888.700000010998
9666.599999999678
9754.4999999984
9885.999999996486
6283.400000014193
8622.70000001487
1489.2999999992933
1765.699999999042
2091.8999999989446
2385.700000000013
3719.7000000048665
5040.600000009672
5183.200000010191
5339.900000010761
5776.000000012347
6281.700000014187
6768.300000015957
6877.800000016356
7447.600000018429
8610.30000001505
8769.500000012733
9659.199999999786
9756.199999998376
2719.2000000012267
3720.200000004868
4732.10000000855
6725.700000015802
7721.700000019426
8725.600000013372
183.2000000001074
360.3000000001476
648.8000000000577
871.5999999998551
1046.0999999996964
1388.099999999385
1482.1999999992995
1846.5999999989683
2054.1999999988075
2376.999999999982
2936.9000000020187
3036.6000000023814
3191.6000000029453
3842.500000005313
3904.4000000055385
4080.4000000061783
4295.10000000696
5032.700000009643
5156.500000010094
5332.600000010734
5471.70000001124
5911.800000012841
6161.50000001375
6271.800000014151
6405.400000014637
6768.200000015957
6867.300000016317
6917.000000016498
7264.8000000177635
7438.300000018395
7914.100000020126
7981.700000020372
8163.900000021034
8600.500000015192
8892.800000010939
9093.100000008024
9647.699999999952
9757.09999999836
9883.199999996526
1491.4999999992913
5182.400000010188
6280.300000014182
6779.600000015998
8622.60000001487
8802.100000012259
9766.299999998228
740.0999999999747
2393.7000000000426
5203.600000010265
5342.600000010771
6281.800000014187
8625.200000014833
8914.600000010621
190.0000000001089
433.9000000001644
746.299999999969
1038.0999999997036
1388.499999999385
1480.2999999993017
1617.099999999177
1771.6999999990364
2044.699999998788
2377.499999999984
2965.2000000021217
3037.000000002383
3192.5000000029486
3849.80000000534
4080.200000006178
4294.900000006959
5024.500000009613
5157.400000010097
5333.400000010737
5457.600000011189
5783.300000012374
6023.300000013247
6169.70000001378
6272.300000014153
6404.900000014635
6768.900000015959
6871.900000016334
6922.700000016519
7262.800000017756
7438.200000018394
7968.900000020325
8166.4000000210435
8600.900000015186
8769.00000001274
8897.300000010873
9093.30000000802
9655.49999999984
9754.899999998392
9888.899999996444
8904.40000001077
1771.5999999990363
3842.8000000053134
5186.200000010202
6283.600000014194
6767.900000015956
6871.800000016334
8614.300000014991
8771.10000001271
8900.600000010825
9756.399999998372
9901.899999996254
738.599999999976
836.9999999998865
1487.299999999295
1770.6999999990371
1845.699999998969
2070.9999999988686
2380.799999999996
2833.7000000016437
3719.300000004865
3838.4000000052974
4837.400000008933
5043.600000009683
5170.700000010145
5338.200000010755
6277.400000014171
6415.400000014673
6766.100000015949
6841.800000016225
6919.700000016508
7768.800000019597
8174.400000021073
8605.900000015114
8770.200000012723
8897.600000010869
9662.699999999735
9752.99999999842
9838.099999997185
8899.900000010835
9902.499999996246
195.70000000011024
658.2000000000492
953.99999999978
1486.5999999992955
2072.499999998874
2381.7999999999997
2960.100000002103
4310.400000007016
5022.900000009608
5167.700000010134
5340.1000000107615
5969.20000001305
6274.500000014161
6876.800000016352
7271.4000000177875
7447.300000018427
7965.000000020311
8174.200000021072
8607.100000015096
8898.700000010853
9648.69999999994
9761.599999998296
2981.20000000218
951.1999999997828
1486.7999999992956
2074.899999998883
2380.199999999993
2971.100000002143
4314.000000007029
5036.200000009656
5186.900000010204
5337.9000000107535
6277.10000001417
6920.30000001651
7447.700000018429
7978.800000020361
8609.400000015063
9661.399999999754
6907.000000016462
8893.700000010926
9761.799999998291
9888.099999996455
1489.8999999992927
2387.7000000000207
5194.600000010232
5341.100000010765
6281.300000014186
6881.80000001637
7455.000000018455
8614.700000014986
8899.100000010847
9783.599999997976
9891.8999999964
1486.299999999296
2080.499999998903
2380.299999999994
2978.200000002169
4311.70000000702
5036.500000009657
5171.6000000101485
5339.70000001076
6275.5000000141645
6919.200000016506
7446.100000018423
7982.300000020374
8179.700000021092
8610.800000015042
8901.100000010818
9661.299999999756
6923.200000016521
8904.000000010776
9782.799999997987
9765.599999998238
6881.600000016369
8640.900000014604
9758.699999998338
9893.099999996382
1491.1999999992915
2384.0000000000077
3847.0000000053296
5193.100000010227
5342.900000010772
6279.70000001418
8180.300000021094
8908.900000010704
9665.0999999997
9785.599999997949
3910.900000005562
6881.80000001637
8895.4000000109
9888.199999996454
9678.699999999502
189.9000000001089
738.7999999999759
1070.4999999996742
1483.2999999992987
2048.0999999987853
2378.2999999999865
2731.700000001272
2973.7000000021526
3043.100000002405
3193.400000002952
3713.800000004845
4081.300000006182
4296.100000006964
5033.900000009648
5163.100000010118
5334.20000001074
5496.900000011332
6175.2000000138
6272.000000014152
6407.600000014645
6713.700000015759
6884.800000016381
7263.000000017757
7440.600000018403
7713.000000019394
8168.500000021051
8600.60000001519
8901.800000010808
9098.600000007944
9658.099999999802
9760.699999998307
9891.599999996404
8616.40000001496
981.7999999997548
2962.800000002113
4319.000000007047
5039.1000000096665
5175.400000010162
6278.300000014175
6888.000000016393
7980.400000020367
8900.700000010824
9647.499999999956
9770.599999998163
200.0000000001112
736.0999999999783
1485.299999999297
1773.399999999035
2071.1999999988693
2379.8999999999924
2733.90000000128
2980.8000000021784
3202.800000002986
3751.600000004983
4304.200000006993
4744.700000008595
5037.20000000966
5167.800000010135
5338.300000010755
6274.500000014161
6768.600000015958
6875.700000016348
7273.400000017795
7444.700000018418
7750.700000019531
8173.400000021069
8610.400000015048
8780.900000012567
8898.100000010862
9661.799999999748
9754.899999998392
9893.099999996382
195.90000000011028
982.799999999754
1484.4999999992976
2058.5999999988235
2378.4999999999877
2970.4000000021406
3194.2000000029548
3853.500000005353
4296.000000006963
5033.400000009646
5160.800000010109
5336.200000010747
6273.100000014156
6873.40000001634
7264.500000017762
7440.800000018404
7973.500000020342
8169.500000021055
8603.500000015149
8898.100000010862
9649.29999999993
9783.899999997971
675.0000000000339
1487.5999999992948
2382.2000000000007
5039.500000009668
5174.70000001016
6281.800000014187
6882.500000016373
8611.800000015028
9664.499999999707
3855.20000000536
6924.100000016524
8619.700000014913
8900.30000001083
9768.699999998193
1851.399999998964
3865.200000005396
5173.600000010156
6278.600000014176
6780.400000016001
6879.800000016363
8601.500000015178
8899.100000010847
9673.99999999957
9768.399999998195
661.6000000000461
1486.5999999992955
3852.400000005349
5166.700000010131
6276.200000014167
6920.800000016512
7275.300000017802
8192.900000021124
8618.800000014926
8906.50000001074
9676.09999999954
9761.499999998296
2968.900000002135
5197.800000010244
6283.000000014192
6919.500000016507
7966.000000020314
8614.40000001499
8906.50000001074
9674.69999999956
198.8000000001109
648.6000000000579
1483.6999999992984
1846.199999998969
2055.7999999988133
2377.999999999985
2973.00000000215
3195.3000000029588
3843.300000005316
4091.4000000062183
4303.600000006991
5034.900000009651
5166.300000010129
5337.100000010751
6273.100000014156
6406.20000001464
6852.300000016263
6924.300000016525
7440.100000018401
8169.700000021055
8600.70000001519
8900.90000001082
9656.699999999822
9752.099999998434
6879.400000016361
3910.20000000556
6902.600000016446
8899.100000010847
9902.19999999625
1772.4999999990357
8637.600000014652
9768.1999999982
201.40000000011156
1484.9999999992972
2039.5999999987928
2379.699999999992
2961.8000000021093
3848.3000000053344
4302.400000006986
5032.200000009641
5166.40000001013
5338.200000010755
6273.700000014158
6874.500000016344
7271.4000000177875
7445.30000001842
7963.600000020306
8175.300000021076
8609.700000015058
8898.100000010862
9655.899999999834
9758.999999998334
9900.399999996276
6298.90000001425
6880.000000016364
8626.200000014818
8908.400000010712
6892.300000016408
8906.700000010736
1768.1999999990396
6785.700000016021
8624.800000014839
8774.400000012662
9768.599999998194
189.10000000010876
437.0000000001651
734.29999999998
1389.399999999384
1483.6999999992984
1759.6999999990471
1847.299999998968
2049.5999999987907
2377.599999999984
2729.200000001263
2969.100000002136
3040.7000000023963
3193.700000002953
3712.0000000048394
3845.800000005325
3911.500000005564
4086.800000006202
4296.300000006964
4742.500000008587
5033.600000009647
5160.400000010108
5334.500000010741
5499.700000011342
5773.000000012336
5905.80000001282
6272.300000014153
6405.100000014636
6730.50000001582
6865.600000016311
6920.20000001651
7264.100000017761
7439.600000018399
7724.000000019434
7977.800000020357
8168.500000021051
8600.800000015188
8728.200000013334
8886.900000011025
9102.700000007884
9591.900000000764
9661.899999999749
9746.19999999852
9883.59999999652
8913.600000010636
8633.200000014716
2971.2000000021435
3854.300000005356
6285.2000000142
7978.40000002036
2973.1000000021504
5193.800000010229
6281.0000000141845
7985.600000020386
8623.100000014863
1486.8999999992957
1779.0999999990297
2383.500000000005
2737.3000000012926
3740.600000004943
4744.200000008594
5171.700000010149
5340.300000010762
6275.700000014165
6763.100000015938
6873.50000001634
7447.800000018429
7739.40000001949
8609.000000015069
8769.500000012733
8894.500000010914
9663.399999999723
9749.999999998465
9887.499999996464
191.4000000001093
735.1999999999791
1483.099999999299
1845.9999999989689
2065.299999998848
2378.4999999999877
2728.40000000126
2858.400000001733
2963.5000000021155
3194.600000002956
3845.400000005324
4296.300000006964
5159.900000010106
5335.400000010744
6166.700000013769
6273.500000014157
6772.700000015973
6870.200000016328
7264.700000017763
7440.800000018404
7729.300000019453
7967.700000020321
8171.200000021061
8609.000000015069
8731.500000013286
8895.100000010905
9659.999999999774
9760.59999999831
9886.099999996484
199.5000000001111
362.5000000001481
1484.9999999992972
1614.7999999991791
1851.9999999989636
2065.4999999988486
2378.8999999999887
2973.4000000021515
3204.9000000029937
3851.200000005345
4306.000000007
5037.100000009659
5169.30000001014
5337.600000010752
5608.000000011736
6274.900000014162
6409.900000014653
6868.7000000163225
6923.500000016522
7277.50000001781
7445.100000018419
7924.600000020164
8176.100000021079
8600.200000015197
8897.50000001087
9661.999999999744
9762.79999999828
9898.399999996303
2972.6000000021486
4331.400000007092
5037.900000009662
5190.200000010216
6278.500000014175
6920.800000016512
7977.100000020355
8615.500000014974
8901.500000010812
9663.09999999973
5199.700000010251
6282.800000014191
6886.0000000163855
8622.200000014876
9766.79999999822
6281.200000014185
6909.400000016471
8622.100000014878
8901.500000010812
9776.699999998076
8906.100000010745
6287.100000014207
8615.400000014975
9776.299999998082
1486.0999999992962
2069.5999999988635
2381.399999999998
4309.300000007012
5170.000000010143
6275.400000014164
6885.500000016384
8612.500000015018
9660.399999999769
9772.499999998136
1488.9999999992935
3844.30000000532
3917.200000005585
5171.000000010146
5343.600000010774
6279.500000014179
6865.900000016312
6920.600000016511
8898.20000001086
9780.899999998015
9902.099999996251
1489.2999999992933
5196.300000010238
5342.700000010771
6281.900000014188
7444.600000018418
8616.600000014958
5348.800000010793
6284.100000014196
8615.600000014972
9777.399999998066
3879.800000005449
6284.500000014197
6928.60000001654
8619.400000014917
9767.899999998204
1488.499999999294
2077.399999998892
2380.799999999996
4327.700000007078
5168.700000010138
5337.800000010753
6279.100000014178
6774.200000015979
6887.000000016389
7444.400000018417
8613.800000014999
8779.100000012593
9664.799999999705
9757.599999998354
190.60000000010908
357.0000000001469
618.2000000000855
1389.0999999993844
1483.5999999992985
1617.7999999991764
1847.399999998968
2051.599999998798
2377.3999999999837
2608.900000000825
2971.100000002143
3192.100000002947
3844.000000005319
3907.60000000555
4099.100000006247
4296.900000006966
5034.000000009648
5158.700000010102
5333.800000010739
5475.800000011255
5611.600000011749
5921.000000012875
6272.400000014153
6407.900000014646
6781.800000016006
6867.500000016318
6917.9000000165015
7266.200000017769
7439.600000018399
7917.600000020138
8167.900000021049
8598.800000015217
8895.300000010902
9095.300000007992
9653.699999999866
9756.49999999837
9887.499999996464
3879.500000005448
6884.200000016379
8631.60000001474
9779.299999998038
3868.400000005408
6878.400000016358
8900.400000010828
2391.100000000033
6281.200000014185
6920.800000016512
8607.100000015096
8901.800000010808
196.0000000001103
445.30000000016696
1481.8999999993
2067.6999999988566
2378.4999999999877
2971.600000002145
3193.400000002952
3855.600000005361
4299.200000006975
5036.000000009655
5163.300000010118
5336.400000010748
6206.8000000139145
6281.500000014186
6875.000000016345
7264.600000017763
7441.900000018408
7984.900000020383
8170.700000021059
8614.300000014991
8901.60000001081
9663.69999999972
9784.099999997969
1488.0999999992944
4323.300000007062
5171.300000010147
5343.900000010775
6278.500000014175
8181.300000021098
8618.600000014929
9797.69999999777
1490.0999999992923
5184.400000010195
5343.000000010772
6280.100000014181
8620.000000014908
9662.99999999973
9767.099999998216
6284.600000014198
8615.80000001497
9787.699999997916
6917.800000016501
8613.800000014999
8903.400000010784
6281.500000014186
6883.500000016376
8621.90000001488
8908.000000010717
9673.599999999577
