1913.5999999989076
4906.100000009183
5906.700000012823
6910.700000016475
8905.200000010758
1772.299999999036
1706.8999999990954
9888.599999996448
2730.9000000012693
832.3999999998907
859.3999999998662
875.1999999998518
891.5999999998369
920.99999999981
1840.299999998974
1861.199999998955
1872.9999999989443
1894.199999998925
1905.6999999989143
1922.899999998899
2841.8000000016727
2872.5000000017844
2893.30000000186
2904.3000000019
2921.5000000019627
3842.700000005314
3865.9000000053984
3892.3000000054944
3904.100000005538
3921.2000000056
4831.000000008909
4844.500000008959
4888.600000009119
4902.200000009168
4920.600000009235
5845.5000000126
5873.300000012701
5892.10000001277
5920.500000012873
6831.400000016187
6844.300000016234
6872.400000016336
6891.400000016405
6918.500000016504
7842.400000019865
7873.600000019978
7892.900000020048
7907.700000020102
7921.600000020153
8828.700000011871
8845.600000011626
8879.60000001113
8891.800000010953
8904.900000010763
8920.300000010538
9843.6999999971
9873.199999996672
9892.799999996389
9903.899999996223
9921.199999995972
1893.8999999989253
3893.300000005498
6893.000000016411
8893.100000010934
3770.3000000050506
4771.500000008693
6771.4000000159685
8769.600000012731
9780.49999999802
435.50000000016473
891.2999999998372
910.8999999998192
1902.1999999989175
1914.8999999989064
2905.0000000019027
3905.0000000055406
4902.000000009168
5904.000000012813
6905.000000016455
7592.200000018955
7905.400000020094
8903.70000001078
9904.29999999622
822.2999999998999
857.4999999998679
881.8999999998457
1853.399999998962
1868.799999998948
1882.099999998936
2855.400000001722
2879.800000001811
2892.000000001856
3852.800000005351
3865.800000005398
3882.000000005457
3894.0000000055006
4853.500000008991
4868.700000009047
4881.900000009095
5852.500000012626
5877.600000012717
5891.500000012768
6852.800000016265
6868.7000000163225
6881.80000001637
6895.300000016419
7853.200000019904
7867.900000019958
7881.400000020007
7892.300000020046
8852.600000011524
8869.30000001128
8881.100000011109
8893.800000010924
9853.49999999696
9865.79999999678
9881.499999996551
9894.399999996363
5901.200000012803
6901.800000016443
1949.3999999988748
7966.600000020317
798.1999999999218
1770.999999999037
3773.700000005063
5769.600000012324
6770.900000015967
6802.800000016083
7772.000000019609
8768.900000012742
8803.900000012232
9768.89999999819
1786.2999999990232
2788.500000001479
3786.800000005111
4786.700000008748
5786.800000012387
6785.900000016021
7786.500000019661
8786.400000012487
9759.29999999833
9786.899999997928
1725.1999999990787
2721.1000000012336
3721.100000004872
4729.300000008539
6720.8000000157845
7720.900000019423
8725.70000001337
745.3999999999699
874.3999999998525
892.7999999998358
901.7999999998276
908.6999999998212
1877.59999999894
1892.8999999989264
1900.4999999989195
1911.1999999989096
2594.500000000773
2877.600000001803
2894.400000001864
2902.5000000018936
2919.2000000019543
3592.800000004405
3876.7000000054377
3895.1000000055046
3902.600000005532
4586.300000008019
4893.200000009136
4901.700000009167
4912.700000009207
5586.000000011656
5892.10000001277
5901.000000012802
6586.600000015296
6875.000000016345
6892.400000016409
6901.200000016441
7586.500000018934
7603.700000018996
7892.500000020047
7902.000000020082
7914.900000020129
8585.600000015409
8879.400000011134
8893.700000010926
8901.200000010816
9586.300000000849
9892.399999996393
9901.899999996254
9915.399999996058
1888.0999999989303
2886.100000001834
3887.000000005475
4888.90000000912
6887.700000016392
7890.100000020038
8889.700000010984
9888.799999996443
594.3000000001073
1584.8999999992063
2585.100000000739
3584.600000004375
3921.900000005602
4584.700000008013
5583.600000011647
5900.700000012801
5921.100000012875
6584.200000015288
7584.200000018925
7920.80000002015
8583.800000015435
8920.600000010534
9583.800000000883
9921.699999995966
2700.90000000116
745.19999999997
949.899999999784
593.8000000001077
855.2999999998699
896.7999999998322
905.899999999824
984.4999999997524
1592.7999999991991
1897.0999999989224
1905.199999998915
1919.7999999989015
2591.300000000761
2864.500000001756
2900.8000000018874
2914.400000001937
3592.2000000044027
3865.4000000053966
3897.6000000055137
3905.200000005541
3914.600000005576
4590.800000008036
4900.600000009163
4911.0000000092
5587.400000011661
5858.000000012646
5897.900000012791
5906.400000012822
6586.900000015297
6852.700000016264
6900.600000016439
6914.000000016487
7586.600000018934
7858.100000019922
7898.000000020067
7906.400000020098
7919.900000020147
7987.100000020391
8592.700000015306
8897.600000010869
8904.600000010767
8916.300000010597
9592.100000000764
9898.999999996297
9907.299999996176
1861.299999998955
2866.900000001764
3860.80000000538
4585.300000008016
5586.100000011656
6584.80000001529
6860.800000016294
7861.500000019934
8584.400000015426
9584.400000000876
9867.09999999676
9905.999999996196
2892.6000000018576
3893.300000005498
6892.6000000164095
8891.900000010952
9892.59999999639
2586.000000000742
3587.600000004386
4586.50000000802
5585.200000011653
6585.700000015293
7585.800000018931
8585.400000015412
8910.800000010677
9586.000000000851
622.6000000000815
2592.000000000764
3592.4000000044034
6589.200000015306
7591.300000018951
8589.800000015348
9589.300000000803
1710.2999999990925
1770.999999999037
2776.6000000014355
3709.8000000048314
3770.3000000050506
4777.800000008716
5777.400000012352
6710.800000015748
6777.100000015989
7709.800000019382
7778.0000000196305
8776.900000012625
9710.999999999032
9771.299999998157
1871.2999999989456
6890.1000000164
831.3999999998916
925.8999999998056
953.3999999997808
1887.699999998931
2889.0000000018445
3886.100000005472
5887.200000012752
6887.30000001639
8887.20000001102
9887.999999996457
1958.1999999988668
1727.7999999990764
2726.0000000012515
3726.20000000489
4726.900000008531
5729.100000012177
6726.3000000158045
8727.10000001335
9754.799999998397
1865.1999999989516
3866.000000005399
4867.200000009041
6867.400000016318
7865.90000001995
9877.999999996602
743.0999999999719
774.7999999999431
1742.6999999990628
1764.599999999043
1863.8999999989528
2740.0000000013024
2765.400000001395
2866.300000001762
2888.800000001844
3722.700000004877
3752.7000000049866
3770.400000005051
3865.800000005398
4739.5000000085765
4771.700000008694
4866.500000009039
5742.100000012224
5767.400000012316
5866.700000012677
5887.900000012754
6739.5000000158525
6766.800000015952
6865.700000016312
6889.3000000163975
7746.400000019516
7766.200000019588
7864.100000019944
7890.100000020038
8743.300000013114
8763.700000012817
8865.800000011332
8889.30000001099
9741.799999998584
9762.69999999828
9863.799999996809
9891.599999996404
4769.300000008685
6771.500000015969
8771.700000012701
9766.599999998223
1842.899999998972
1862.299999998954
1882.399999998936
2842.3000000016746
2926.20000000198
3842.9000000053143
3917.200000005585
4843.000000008953
4921.400000009238
5844.800000012598
5892.30000001277
6842.000000016225
6917.000000016498
7844.700000019873
7917.800000020139
8845.100000011633
8883.000000011081
9844.599999997088
9880.999999996558
3889.9000000054857
7891.8000000200445
9890.59999999642
8911.100000010672
592.9000000001085
849.4999999998752
887.4999999998406
911.5999999998188
1587.499999999204
1878.3999999989396
1889.9999999989288
1904.8999999989155
2587.000000000746
2882.30000000182
2903.500000001897
3586.00000000438
3886.8000000054735
3903.200000005534
4586.50000000802
4890.4000000091255
4902.800000009171
4917.300000009223
5586.000000011656
5888.400000012756
5913.500000012848
6585.700000015293
6884.9000000163815
6903.400000016449
7586.200000018933
7886.900000020027
7904.800000020092
8585.700000015408
8887.600000011014
8903.00000001079
9585.50000000086
9887.399999996464
9903.199999996235
835.5999999998878
936.399999999796
1774.1999999990342
1986.699999998841
2896.4000000018714
2961.500000002108
3893.500000005499
3986.300000005837
4960.200000009379
5963.70000001303
6773.000000015974
7960.5000000202945
8773.000000012682
9773.69999999812
7789.900000019674
1959.2999999988656
2958.6000000020977
3967.600000005768
4963.700000009392
5959.200000013014
6967.500000016682
7965.400000020312
8965.50000000988
1868.999999998948
1885.0999999989333
2865.70000000176
2885.20000000183
3882.70000000546
4884.300000009103
5883.90000001274
6884.300000016379
7884.000000020016
8884.700000011057
9885.399999996494
904.4999999998251
1900.19999999892
2900.5000000018863
3898.4000000055166
3907.2000000055486
4898.700000009156
4917.6000000092245
5893.900000012776
5903.20000001281
5919.200000012868
6896.300000016423
6903.400000016449
7894.000000020052
7903.500000020087
8900.500000010827
8920.400000010537
9896.499999996331
9904.599999996217
829.1999999998936
1870.1999999989469
1962.1999999988632
2869.8000000017746
2944.8000000020475
2967.800000002131
3870.600000005416
3964.900000005759
4965.700000009399
5893.100000012773
5964.600000013033
6891.900000016407
6957.700000016646
7869.600000019964
7892.300000020046
7966.300000020316
9867.399999996756
9959.89999999541
8005.600000020458
993.799999999744
1548.6999999992393
1896.7999999989229
1977.5999999988487
1997.699999998831
2547.0000000006003
2897.8000000018765
2955.400000002086
2993.7000000022254
3546.600000004237
3891.2000000054895
3965.7000000057615
3993.900000005864
4553.300000007899
4876.300000009074
4895.600000009144
4965.100000009397
4993.800000009502
5546.300000011512
5891.600000012768
5977.800000013081
6546.40000001515
6896.900000016425
6963.600000016668
6993.000000016775
7546.800000018789
7894.900000020056
7977.400000020356
8546.900000015972
8977.400000009708
8996.000000009437
9548.100000001405
9873.099999996672
9896.599999996331
9971.199999995246
9995.099999994898
1915.2999999989056
1966.2999999988597
1990.899999998837
2005.9999999988236
2919.700000001956
2967.3000000021293
2991.100000002216
3925.800000005616
3967.000000005766
3990.700000005853
4919.10000000923
4967.000000009404
4991.500000009493
5918.600000012866
5967.900000013045
5990.900000013129
6920.000000016509
6966.500000016678
6991.400000016769
7926.100000020169
7968.800000020325
7989.700000020401
8925.200000010467
8990.400000009518
9917.599999996026
9965.799999995324
9990.399999994966
773.5999999999442
6767.500000015954
7764.300000019581
8765.000000012798
1871.2999999989456
3872.3000000054217
6879.00000001636
1889.5999999989288
3894.200000005501
6889.700000016399
7889.600000020036
8890.70000001097
9892.199999996395
4994.500000009504
7004.400000016816
727.699999999986
3719.9000000048673
7711.600000019389
3905.100000005541
4902.000000009168
6901.900000016443
7901.60000002008
8904.000000010776
1916.5999999989049
3908.900000005555
7918.400000020141
8908.50000001071
9919.499999995998
822.7999999998995
2841.7000000016724
4811.100000008837
7838.900000019852
2902.600000001894
5902.300000012807
6900.90000001644
9769.49999999818
833.19999999989
916.0999999998146
9905.199999996206
943.8999999997892
2958.100000002096
966.199999999769
1956.799999998868
2956.4000000020897
3956.600000005728
4957.100000009368
5957.000000013006
7956.700000020281
8962.000000009932
9956.799999995455
950.1999999997836
1895.099999998924
1993.5999999988344
2580.900000000724
2949.900000002066
2997.70000000224
3583.500000004371
3950.000000005704
3997.200000005876
4580.600000007999
4966.200000009401
4996.600000009512
5965.800000013038
5986.900000013115
6950.000000016618
6996.200000016786
7581.300000018915
7995.500000020422
8964.100000009901
8997.400000009417
9980.59999999511
601.7000000001005
867.9999999998583
956.399999999778
1830.399999998983
1912.799999998908
2593.900000000771
2832.4000000016385
2912.000000001928
2974.900000002157
3833.700000005281
3912.500000005568
3973.60000000579
4590.900000008036
4831.300000008911
4912.700000009207
5594.600000011687
5833.300000012556
5913.600000012848
6832.000000016189
6912.700000016483
7602.100000018991
7833.900000019834
7913.200000020122
8594.800000015275
8833.900000011796
8913.100000010643
9832.199999997269
9918.69999999601
727.599999999986
1871.5999999989456
1886.399999998932
2871.30000000178
2886.900000001837
3885.5000000054697
4889.100000009121
5885.600000012746
6866.5000000163145
6885.800000016385
7872.600000019975
7888.000000020031
8886.000000011038
9864.4999999968
9886.799999996474
2821.4000000015985
5824.100000012522
5844.800000012598
6842.200000016226
7819.400000019781
7847.300000019883
9843.199999997109
3000.800000002251
4009.900000005922
8001.700000020444
9006.10000000929
926.8999999998048
601.7000000001005
1911.9999999989088
2592.000000000764
3595.000000004413
3911.0000000055625
4596.000000008055
4911.200000009201
5593.100000011682
5911.50000001284
6589.600000015307
6914.70000001649
7589.600000018945
7911.900000020118
8592.900000015303
8912.70000001065
9911.699999996112
1884.299999998934
1997.8999999988307
2885.1000000018303
3886.000000005472
3995.800000005871
4888.500000009119
4987.80000000948
5883.90000001274
5994.500000013142
6885.100000016382
6998.000000016793
7884.700000020019
7989.900000020401
8884.600000011058
8996.50000000943
9885.999999996486
1899.89999999892
2901.1000000018885
5899.500000012797
7899.600000020073
8898.300000010859
1869.8999999989471
2867.5000000017662
3867.1000000054023
4870.300000009052
5868.600000012684
6869.300000016325
7869.400000019963
8872.300000011237
9868.49999999674
952.7999999997812
1870.5999999989465
1884.9999999989332
2885.500000001832
3881.1000000054537
4887.800000009116
5882.200000012734
6873.40000001634
6886.100000016386
7884.500000020018
8882.500000011089
9885.599999996492
934.5999999997978
9829.199999997312
600.8000000001014
2904.7000000019016
4904.100000009175
5902.500000012808
6902.100000016444
7903.900000020089
8636.200000014673
8903.200000010787
9902.499999996246
621.3000000000827
877.3999999998498
906.899999999823
1582.7999999992082
2582.400000000729
2903.200000001896
3582.0000000043656
3906.4000000055457
4582.000000008004
4905.8000000091815
5582.700000011644
5901.300000012803
6582.300000015281
6901.900000016443
7582.400000018919
7910.500000020113
8582.10000001546
8902.200000010802
9582.100000000908
9902.79999999624
599.8000000001023
1965.59999999886
2965.300000002122
6965.000000016673
1786.7999999990227
3792.30000000513
4789.200000008757
6787.000000016025
7791.000000019678
8788.20000001246
9794.599999997816
849.8999999998748
968.4999999997668
6880.200000016364
439.8000000001657
953.7999999997804
1843.8999999989708
1870.8999999989464
1958.4999999988663
2869.2000000017724
2954.800000002084
3843.000000005315
3868.7000000054086
3886.6000000054737
3958.400000005735
4844.200000008957
4871.600000009057
4956.600000009366
5870.10000001269
5954.300000012996
6845.600000016239
6872.100000016335
6891.400000016405
6955.400000016638
7870.400000019967
7953.300000020268
8871.200000011253
8961.200000009943
9869.399999996727
9950.799999995545
1802.2999999990088
1821.599999998991
2811.600000001563
3814.10000000521
4814.8000000088505
5801.40000001244
6784.400000016016
6800.300000016074
6820.900000016149
7800.200000019711
7821.200000019788
8782.900000012538
8802.900000012247
8818.600000012018
9809.699999997596
2003.7999999988251
3001.7000000022545
4002.700000005896
4998.400000009518
6004.80000001318
7003.600000016813
8002.600000020448
9004.00000000932
1888.59999999893
3888.30000000548
4890.300000009125
5887.800000012754
6887.1000000163895
7887.500000020029
8888.600000011
9887.199999996468
1654.1999999991433
7804.200000019726
844.9999999998793
6893.500000016413
1768.999999999039
1887.7999999989308
2864.100000001754
3889.200000005483
4864.900000009033
5772.500000012335
5888.900000012758
6867.000000016316
6886.700000016388
7864.700000019946
8865.400000011337
9770.799999998162
9864.699999996796
1597.5999999991948
1901.3999999989185
2586.3000000007432
3585.400000004378
3903.700000005536
4586.40000000802
5585.900000011656
6585.400000015292
6906.100000016459
7585.600000018931
7905.600000020095
8585.300000015413
8907.000000010732
9585.40000000086
9902.999999996238
6745.900000015876
1887.599999998931
2888.900000001844
3887.4000000054766
4888.500000009119
5889.200000012759
6888.900000016396
7887.80000002003
8887.90000001101
9887.299999996469
1766.4999999990412
1864.799999998952
1883.7999999989345
2864.500000001756
2885.00000000183
3767.900000005042
3864.9000000053943
3883.200000005461
4767.90000000868
4865.700000009036
4885.000000009106
5867.000000012678
5883.90000001274
6769.10000001596
6865.30000001631
6883.600000016377
6892.000000016407
7767.600000019593
7863.600000019942
7884.900000020019
8865.000000011343
8884.900000011054
9768.299999998198
9864.799999996794
9884.799999996503
1906.199999998914
3906.4000000055457
4906.300000009183
6906.50000001646
8904.500000010768
9906.699999996184
769.9999999999475
1764.0999999990431
2728.2000000012595
2774.4000000014275
3726.20000000489
3772.400000005058
4008.400000005917
4773.4000000087
5006.800000009549
5760.400000012291
6761.800000015934
7723.600000019433
7764.400000019581
8009.400000020472
8761.700000012846
9756.599999998369
9775.499999998094
771.3999999999462
841.5999999998824
949.699999999784
1799.9999999990107
1827.5999999989856
1892.999999998926
2801.700000001527
2846.60000000169
2864.2000000017542
3788.1000000051154
3802.900000005169
3848.400000005335
3888.600000005481
4804.700000008814
4845.400000008962
5844.300000012596
6801.300000016077
6845.100000016237
6888.100000016393
7803.200000019722
7846.900000019881
8791.100000012419
8807.100000012186
8845.600000011626
9794.199999997822
9845.499999997077
1886.299999998932
2886.300000001834
3885.800000005471
5885.800000012747
6885.700000016384
7886.800000020026
8886.900000011025
9888.899999996444
952.7999999997812
1864.599999998952
2863.2000000017506
3864.6000000053937
4864.0000000090295
5866.000000012675
6864.500000016307
7864.400000019945
8864.50000001135
9863.499999996811
9870.699999996708
1839.299999998975
3837.900000005297
7833.100000019831
771.0999999999465
4903.800000009174
5773.600000012339
5893.800000012776
9864.999999996791
5982.5000000130985
840.4999999998834
1763.7999999990436
1851.699999998964
1997.1999999988316
2765.3000000013944
2843.80000000168
2972.9000000021497
2996.5000000022355
3760.300000005014
3810.400000005197
3844.100000005319
3865.800000005398
3995.800000005871
4845.800000008963
4864.600000009032
4995.600000009508
5767.500000012316
5865.800000012674
5995.600000013146
6761.100000015931
6843.600000016231
6864.900000016309
7761.900000019572
7861.0000000199325
7972.600000020338
7996.300000020425
8759.900000012873
8864.400000011352
8995.500000009444
9767.999999998205
9809.4999999976
9851.29999999699
9866.099999996775
9995.299999994895
3884.800000005467
868.9999999998574
1955.4999999988693
2957.000000002092
3955.300000005724
4955.300000009362
5955.400000013
6891.5000000164055
6956.800000016643
7956.900000020281
8956.400000010013
9895.399999996347
9954.499999995489
952.999999999781
1886.799999998932
2880.7000000018143
2889.0000000018445
3877.5000000054406
4888.2000000091175
5886.400000012749
6887.30000001639
8888.100000011007
9890.299999996423
2726.0000000012515
7792.0000000196815
866.19999999986
911.7999999998184
1825.4999999989875
1899.1999999989205
2825.8000000016145
2899.600000001883
3899.5000000055206
4899.500000009159
5899.400000012796
6898.500000016431
7898.90000002007
8898.100000010862
9899.099999996297
770.3999999999471
831.3999999998916
1728.299999999076
1767.5999999990402
1804.4999999990064
1829.9999999989836
2772.4000000014203
2828.100000001623
2979.100000002172
3770.3000000050506
3825.600000005252
3973.300000005789
4771.900000008694
4827.500000008897
4982.900000009462
5769.300000012323
5981.400000013095
6764.100000015942
6800.200000016073
7723.700000019433
7772.700000019611
7820.100000019784
7980.500000020367
8768.900000012742
8796.000000012347
9767.599999998209
9825.99999999736
1887.3999999989312
5738.900000012212
1872.8999999989444
2886.100000001834
3887.000000005475
5889.900000012762
6889.800000016399
7866.500000019952
7884.600000020018
8890.70000001097
9870.199999996716
9891.699999996405
907.999999999822
1865.1999999989516
1907.7999999989129
2868.300000001769
2904.800000001902
3866.600000005401
3908.3000000055526
4903.900000009175
5904.200000012814
6865.900000016312
6890.200000016401
6914.900000016491
7867.400000019956
7909.1000000201075
8888.400000011003
9867.999999996748
9906.29999999619
6887.800000016392
9754.299999998402
905.9999999998238
939.1999999997936
948.9999999997848
1855.49999999896
1944.09999999888
1966.5999999988592
2868.200000001769
2965.800000002124
3855.20000000536
3966.0000000057626
4966.300000009402
5966.30000001304
6965.800000016676
7868.50000001996
7943.200000020231
7966.100000020315
8966.90000000986
9868.299999996743
9945.49999999562
9966.299999995315
903.9999999998256
2901.4000000018896
3894.200000005501
4890.300000009125
4905.900000009182
5891.200000012766
6889.500000016398
7894.300000020054
8891.400000010959
9891.19999999641
422.7000000001618
1423.8999999993528
2424.100000000153
3424.900000003794
4995.700000009509
5424.600000011069
7424.900000018346
8424.400000017755
9424.7000000032
6708.900000015741
8709.300000013609
3889.400000005484
6889.200000016397
844.8999999998794
1794.3999999990158
3798.200000005152
4796.500000008784
5781.200000012366
5799.200000012432
7750.700000019531
8799.000000012304
9799.299999997747
832.2999999998908
756.0999999999601
839.6999999998841
1959.9999999988647
1799.599999999011
2801.500000001526
3799.400000005157
4801.300000008801
5803.0000000124455
6801.000000016076
7800.100000019711
8800.60000001228
9799.09999999775
990.6999999997468
1589.699999999202
2585.2000000007392
4588.100000008026
5587.10000001166
8582.700000015451
9582.200000000908
858.9999999998665
1871.8999999989453
2957.4000000020933
3759.800000005013
3888.8000000054817
4870.500000009053
4956.300000009365
5958.10000001301
6956.900000016643
7957.200000020282
8763.400000012822
8957.400000009999
9858.99999999688
9889.899999996427
6767.600000015955
8763.800000012816
9765.49999999824
1902.0999999989176
8900.000000010834
960.1999999997744
6972.300000016699
2903.100000001896
3907.000000005548
4903.300000009172
5905.700000012819
6904.300000016452
8902.3000000108
1577.8999999992127
1894.299999998925
2893.9000000018623
3892.200000005494
5891.900000012769
6725.900000015803
6891.900000016407
8892.500000010943
843.4999999998806
1899.89999999892
2581.4000000007254
3579.700000004357
4580.600000007999
4887.400000009115
5887.900000012754
6887.400000016391
7581.400000018915
7888.900000020034
8579.800000015493
9579.700000000945
941.7999999997912
1745.79999999906
2740.200000001303
3742.5000000049495
4741.900000008585
5742.200000012224
8706.200000013654
8741.600000013139
5769.200000012323
2828.2000000016237
3952.600000005714
5007.400000009551
6014.400000013215
9012.000000009204
5907.300000012825
6906.800000016461
8906.50000001074
1963.499999998862
9753.599999998412
1757.0999999990495
1803.299999999008
2810.200000001558
3757.3000000050033
3801.800000005165
5758.600000012284
6801.100000016077
7805.900000019732
7827.000000019809
8758.0000000129
8805.100000012215
9758.699999998338
9800.49999999773
894.2999999998344
913.7999999998168
925.699999999806
1739.199999999066
1887.1999999989316
1917.599999998904
2737.8000000012944
2890.400000001849
2901.200000001889
2917.200000001947
3739.2000000049375
3885.400000005469
3901.1000000055274
3924.8000000056127
4738.500000008573
4891.200000009128
4910.2000000091975
5739.600000012215
5870.800000012692
5891.500000012768
5914.30000001285
5928.500000012902
6747.00000001588
6888.300000016394
6898.400000016431
6917.000000016498
6929.400000016543
7736.900000019481
7889.600000020036
7923.700000020161
8748.40000001304
8881.100000011109
8895.200000010904
8915.500000010608
8928.000000010426
9868.099999996746
9890.699999996415
659.2000000000482
836.0999999998874
957.1999999997772
1660.5999999991377
2661.800000001018
3661.900000004656
4661.300000008292
5661.100000011929
5891.700000012768
6662.400000015572
8662.200000014294
8891.400000010959
9660.099999999771
650.2000000000564
743.5999999999715
1751.5999999990547
3762.900000005024
4767.400000008678
5751.000000012256
6750.200000015891
7750.50000001953
8750.300000013012
9751.199999998447
2695.100000001139
8695.700000013807
1902.3999999989176
3901.800000005529
4902.70000000917
5900.700000012801
6902.200000016444
8903.500000010783
9902.79999999624
1752.6999999990535
837.9999999998856
861.6999999998641
1849.3999999989655
1891.999999998927
2960.900000002106
3893.2000000054977
5962.100000013024
7894.900000020056
8891.200000010962
8961.900000009933
9894.499999996362
1969.999999998856
2970.30000000214
3971.400000005782
4971.600000009421
5971.000000013057
6970.700000016694
8971.800000009789
732.099999999982
895.899999999833
904.2999999998252
1840.399999998974
1871.2999999989456
1888.8999999989296
1912.899999998908
2839.5000000016644
2871.500000001781
2890.200000001849
3870.500000005415
3885.800000005471
3900.200000005523
4871.400000009056
4889.600000009123
5841.2000000125845
5871.200000012694
5889.700000012761
6870.000000016327
6887.30000001639
6899.100000016433
7844.600000019873
7866.200000019951
7874.400000019981
7891.400000020043
8841.100000011691
8873.100000011225
8890.00000001098
9841.499999997131
9872.399999996684
9891.599999996404
1740.299999999065
1764.7999999990427
3755.000000004995
4741.300000008583
5740.500000012218
6739.600000015853
7764.600000019582
8767.900000012756
9739.099999998623
9767.999999998205
5974.300000013069
9866.199999996774
1967.999999998858
2960.900000002106
2969.0000000021355
3968.10000000577
4961.700000009385
4969.900000009415
5968.000000013046
6968.2000000166845
7961.600000020298
7969.3000000203265
8968.900000009831
9968.399999995288
3903.1000000055337
5901.600000012804
772.0999999999456
834.6999999998886
1840.0999999989745
2840.800000001669
3840.7000000053063
4841.000000008946
5842.500000012589
6840.200000016219
7840.000000019856
8842.100000011676
9841.599999997132
836.7999999998867
638.1000000000674
728.699999999985
1902.899999998917
3900.0000000055225
9897.29999999632
9908.499999996158
840.4999999998834
951.899999999782
1770.2999999990377
2791.7000000014905
2846.1000000016884
2994.200000002227
3747.600000004968
3799.400000005157
4778.200000008717
4996.900000009513
5770.300000012327
6737.500000015845
6769.00000001596
7733.300000019468
8773.000000012682
8808.300000012168
8996.700000009427
9766.79999999822
9812.999999997548
909.1999999998208
1897.399999998922
2906.800000001909
6900.3000000164375
7900.900000020078
9896.69999999633
1888.9999999989295
1897.399999998922
3905.5000000055434
5902.900000012809
6898.800000016432
7800.500000019712
9897.599999996315
736.0999999999783
1715.4999999990875
2716.4000000012165
2809.100000001554
3716.700000004856
4716.000000008491
4809.500000008831
5716.000000012129
6717.000000015771
7715.900000019405
7808.00000001974
8715.700000013516
9718.499999998923
9808.999999997606
683.1000000000265
714.1999999999982
738.1999999999764
765.5999999999515
1710.699999999092
1723.79999999908
1892.7999999989263
2715.200000001212
2735.500000001286
3712.6000000048407
3741.000000004944
3892.1000000054937
4715.900000008491
4731.100000008546
4898.800000009156
5718.000000012136
5735.300000012199
5892.10000001277
6711.900000015752
6739.5000000158525
6891.800000016407
7708.000000019376
7716.000000019405
7732.800000019466
7894.100000020053
8705.200000013669
8717.50000001349
8739.200000013174
8892.70000001094
9714.099999998987
9729.599999998762
9744.299999998548
9893.99999999637
2905.100000001903
5904.400000012814
6903.100000016448
8903.400000010784
896.2999999998326
905.0999999998246
913.5999999998168
1885.799999998933
1894.9999999989243
1903.6999999989164
2906.500000001908
3897.900000005515
4893.000000009135
5891.100000012766
5901.200000012803
6889.600000016399
6899.800000016436
7891.700000020044
8891.700000010955
8905.900000010748
9890.999999996411
9903.799999996229
1896.499999998923
1905.199999998915
2898.80000000188
3860.80000000538
3896.2000000055086
3906.1000000055446
4896.900000009149
4906.500000009184
5898.400000012793
6897.500000016427
6905.400000016456
7897.500000020065
8897.600000010869
8905.500000010754
9896.599999996331
9907.69999999617
900.1999999998291
3886.6000000054737
4897.900000009153
6889.700000016399
8892.900000010937
905.899999999824
917.1999999998136
1901.999999998918
1918.299999998903
2905.2000000019034
2918.7000000019525
3906.1000000055446
4907.900000009189
4918.600000009228
5903.20000001281
5919.900000012871
6903.100000016448
7903.600000020087
7917.800000020139
8003.700000020452
8904.000000010776
8916.600000010592
9902.89999999624
636.6000000000688
8622.800000014868
948.9999999997848
1897.2999999989224
5897.400000012789
948.1999999997854
1876.3999999989408
1957.199999998868
2882.30000000182
2970.500000002141
3876.800000005438
3957.900000005733
4881.800000009094
4970.100000009415
5878.100000012719
5957.700000013008
6880.200000016364
6962.500000016664
7875.100000019984
7969.200000020326
8879.400000011134
9878.599999996592
950.6999999997832
1969.2999999988567
2969.400000002137
3959.4000000057385
4970.700000009418
5970.200000013054
6922.3000000165175
6969.70000001669
7970.800000020332
8971.70000000979
9921.39999999597
9971.399999995245
1716.199999999087
3709.900000004831
6713.600000015758
742.3999999999726
3708.600000004826
1967.2999999988583
2969.100000002136
4969.200000009412
5966.30000001304
8966.500000009866
829.899999999893
907.2999999998226
1907.299999998913
2902.100000001892
3906.500000005546
4826.000000008891
4902.5000000091695
5902.900000012809
6902.5000000164455
7909.000000020107
727.0999999999865
1730.1999999990742
3720.000000004868
5728.700000012175
6722.30000001579
7731.00000001946
8728.700000013327
9735.599999998674
904.3999999998252
915.9999999998148
1889.4999999989293
1900.3999999989196
2888.700000001844
2909.6000000019194
3894.900000005504
4896.000000009146
4913.900000009211
5887.700000012754
5916.500000012858
6891.100000016404
6908.100000016466
6920.700000016512
7890.50000002004
7916.100000020133
8891.800000010953
8908.100000010716
9888.199999996454
9905.799999996198
1750.8999999990554
1890.999999998928
2003.3999999988257
2752.300000001347
2958.9000000020987
3882.70000000546
4006.300000005909
5003.700000009538
5891.500000012768
7001.800000016807
7727.700000019447
7958.900000020289
8899.300000010844
9003.600000009326
9892.099999996395
2728.500000001261
3730.000000004904
4739.900000008578
5742.400000012225
6738.80000001585
9730.299999998751
949.2999999997844
1959.3999999988655
5957.800000013009
6958.900000016651
7958.200000020286
1002.0999999997364
8001.100000020442
2734.3000000012817
3807.300000005185
4735.1000000085605
6804.80000001609
7837.800000019848
9803.19999999769
9822.799999997404
639.8000000000659
5754.100000012268
6753.200000015902
9753.899999998408
1846.4999999989684
1889.0999999989297
1968.899999998857
1982.299999998845
2853.9000000017168
2981.000000002179
3847.2000000053295
3890.000000005486
3964.800000005758
3983.900000005828
4846.100000008964
4890.900000009127
4968.70000000941
4983.200000009463
5846.900000012605
5981.000000013093
6847.900000016247
6891.300000016405
6982.400000016736
7846.70000001988
7889.900000020038
7982.800000020376
8891.100000010963
8982.300000009636
9887.499999996464
9981.699999995091
729.2999999999845
1716.5999999990863
2716.200000001216
2736.300000001289
3718.300000004861
4717.5000000084965
4737.000000008567
5892.10000001277
6713.700000015759
7714.500000019399
8714.200000013538
9891.999999996398
656.1000000000511
744.5999999999706
832.6999999998905
1866.69999999895
3868.900000005409
9755.699999998382
830.999999999892
865.3999999998607
879.0999999998483
889.0999999998392
900.1999999998291
906.1999999998236
1830.2999999989831
1878.19999999894
1888.59999999893
1906.399999998914
2826.9000000016185
2859.9000000017386
2878.100000001805
2891.5000000018536
2902.5000000018936
3834.600000005285
3877.100000005439
3889.0000000054815
3901.000000005526
3909.000000005555
4825.400000008889
4838.600000008937
4879.700000009087
4889.500000009122
4902.900000009171
5832.100000012551
5880.500000012728
5890.200000012763
5902.700000012808
6820.400000016147
6836.600000016206
6877.000000016353
6890.800000016403
6900.600000016439
7335.40000001802
7822.8000000197935
7836.300000019843
7881.300000020006
7890.900000020041
7902.400000020083
8832.600000011815
8881.100000011109
8890.500000010972
8901.70000001081
9770.29999999817
9833.49999999725
9879.299999996583
9891.599999996404
9904.599999996217
641.3000000000645
833.0999999998901
958.499999999776
1764.8999999990426
1877.89999999894
1968.7999999988567
2880.900000001815
2966.900000002128
3877.000000005439
3966.900000005766
4966.900000009404
5878.700000012721
5967.700000013045
6877.200000016353
6965.800000016676
7876.100000019987
7967.60000002032
8966.90000000986
9879.899999996574
9970.599999995256
645.8000000000604
706.0000000000057
832.3999999998907
734.5999999999797
904.9999999998248
1898.2999999989213
6897.800000016428
843.9999999998802
3719.100000004864
4763.700000008665
6751.100000015895
7753.700000019542
8761.600000012848
9752.99999999842
718.1999999999946
741.1999999999737
895.3999999998334
1710.0999999990925
1747.1999999990587
1765.599999999042
2709.700000001192
2747.60000000133
3711.200000004836
3751.700000004983
4744.800000008596
5711.500000012113
5749.20000001225
6747.10000001588
6764.100000015942
7713.200000019395
7747.60000001952
7761.600000019571
7910.400000020112
8751.200000013
8896.300000010888
9745.999999998525
9761.799999998291
599.6000000001025
725.399999999988
733.199999999981
1706.299999999096
1772.9999999990353
2707.6000000011845
2773.5000000014243
3708.500000004826
3771.800000005056
4708.400000008463
4772.800000008698
5770.800000012328
6707.100000015735
6774.900000015981
7707.500000019374
7734.100000019471
7771.300000019606
8709.400000013607
8770.200000012723
9707.399999999085
9770.799999998162
726.6999999999869
739.8999999999749
1709.399999999093
1721.7999999990818
2720.10000000123
3718.00000000486
4716.700000008494
4729.700000008541
5722.000000012151
6722.40000001579
7720.10000001942
8710.60000001359
8722.600000013415
9710.799999999035
9724.699999998831
1728.199999999076
1751.5999999990547
1776.699999999032
2728.7000000012613
2754.3000000013544
2787.8000000014763
3698.6000000047898
3729.000000004901
3754.800000004994
3775.60000000507
4728.600000008537
4754.500000008631
4778.300000008718
5729.90000001218
5752.600000012262
6729.100000015815
6752.5000000159
6776.700000015988
7727.900000019448
7753.10000001954
7780.400000019639
8728.300000013332
8757.800000012903
8776.300000012634
9729.79999999876
9752.699999998424
9774.799999998104
1710.7999999990918
2710.3000000011943
3709.60000000483
4712.200000008477
5711.700000012113
5958.700000013012
6709.400000015743
6960.100000016655
7709.300000019381
8710.200000013596
9710.299999999042
9827.499999997335
9959.499999995416
965.29999999977
741.7999999999731
1736.1999999990687
2720.400000001231
3719.800000004867
3738.500000004935
4725.600000008526
4744.600000008595
5721.500000012149
5736.300000012203
6721.500000015787
6736.600000015842
7720.0000000194195
8726.500000013359
9724.399999998835
9741.099999998594
657.6000000000497
735.7999999999786
745.7999999999695
1738.2999999990668
1751.8999999990544
1764.7999999990427
2738.000000001295
2764.600000001392
3738.800000004936
3754.0000000049913
3764.60000000503
4738.800000008574
4761.300000008656
4779.200000008721
5673.000000011973
5738.600000012211
5761.600000012295
5775.800000012347
6737.800000015846
6762.200000015935
7738.300000019486
7761.800000019572
7778.0000000196305
8738.10000001319
8759.200000012883
8780.200000012577
9738.69999999863
9760.499999998312
9776.199999998084
1884.399999998934
2885.500000001832
3885.300000005469
5885.500000012746
6886.0000000163855
7886.100000020024
8884.50000001106
9885.599999996492
736.7999999999777
755.5999999999606
769.1999999999482
830.8999999998921
958.9999999997756
1751.299999999055
1762.4999999990448
1775.1999999990333
1840.4999999989736
2745.6000000013228
2761.5000000013806
2773.5000000014243
2841.00000000167
3754.6000000049935
3763.100000005024
3775.7000000050703
3841.200000005309
4755.900000008636
4764.300000008667
4775.300000008707
4841.600000008948
5753.8000000122665
5762.800000012299
5773.3000000123375
6755.700000015911
6764.200000015942
6783.600000016013
6841.300000016223
7754.900000019546
7764.10000001958
7776.600000019625
7841.300000019861
8743.700000013108
8756.100000012928
8764.9000000128
8776.400000012633
9754.4999999984
9762.399999998284
9775.999999998086
824.7999999998976
916.3999999998144
942.099999999791
1845.699999998969
1942.2999999988813
2847.700000001694
2943.000000002041
2962.800000002113
3847.900000005333
3907.7000000055514
3942.900000005679
4855.000000008997
4907.000000009186
4945.700000009327
5905.200000012817
5943.700000012957
5962.7000000130265
6905.900000016458
6942.600000016591
7855.400000019912
7905.700000020095
7942.600000020229
8943.800000010197
9847.399999997047
9910.799999996125
9942.999999995656
9962.899999995368
903.599999999826
939.899999999793
984.5999999997524
1611.499999999182
1883.3999999989348
2610.5000000008317
2885.500000001832
2905.0000000019027
3610.400000004469
3886.100000005472
3898.800000005518
4611.20000000811
4893.7000000091375
4999.400000009522
5611.000000011747
5893.200000012774
5929.900000012907
6611.700000015388
6886.100000016386
6903.500000016449
7000.100000016801
7611.300000019024
7884.100000020016
7903.000000020085
8610.200000015051
8893.500000010928
9610.600000000491
9898.899999996298
9964.499999995343
939.799999999793
6948.900000016614
832.9999999998902
956.299999999778
968.1999999997672
5505.700000011364
5962.000000013024
6961.6000000166605
2741.7000000013086
9891.8999999964
864.9999999998611
897.1999999998318
1829.9999999989836
1885.6999999989328
1897.0999999989224
2827.800000001622
2887.80000000184
2897.600000001876
3881.800000005456
3894.0000000055006
3906.1000000055446
4828.200000008899
4886.10000000911
4901.900000009167
5834.800000012561
5888.200000012756
5903.20000001281
6886.800000016388
6898.400000016431
7837.200000019846
7876.100000019987
7888.800000020034
7906.300000020097
8834.700000011784
8887.000000011023
8902.400000010799
9830.999999997286
9877.899999996604
9890.899999996414
9904.699999996214
883.6999999998441
903.3999999998262
969.499999999766
1883.599999998935
1896.7999999989229
2897.400000001875
2977.2000000021653
3881.200000005454
3896.60000000551
4897.400000009151
5890.100000012762
6892.100000016408
6901.200000016441
7898.600000020069
7909.1000000201075
7978.1000000203585
8897.100000010876
9896.899999996327
803.6999999999168
1998.8999999988296
2997.1000000022377
3997.8000000058782
5000.000000009524
6001.200000013167
7000.200000016801
8001.200000020442
8997.000000009422
9998.99999999484
972.1999999997636
1897.399999998922
2903.500000001897
3905.100000005541
4904.600000009177
5862.500000012662
5903.600000012812
6898.400000016431
7905.800000020095
8899.000000010848
700.3000000000109
743.6999999999714
847.2999999998772
870.2999999998563
3868.500000005408
4826.300000008892
8706.400000013651
8777.500000012617
9758.699999998338
787.2999999999317
1728.8999999990754
1742.399999999063
1758.6999999990485
1774.5999999990338
2739.7000000013013
2756.0000000013606
2766.300000001398
3738.900000004936
3753.70000000499
3763.200000005025
4753.700000008628
4762.000000008658
5744.600000012233
5756.900000012278
5769.900000012325
6741.300000015859
6752.900000015901
6762.000000015934
7751.000000019532
7760.000000019565
8739.800000013165
8754.000000012958
8762.300000012838
9740.199999998607
9754.299999998402
9761.499999998296
899.8999999998293
908.8999999998211
1896.299999998923
2895.400000001868
3892.600000005496
4898.1000000091535
5763.800000012303
5895.500000012782
6898.20000001643
7887.100000020027
7899.200000020071
8892.600000010942
9895.699999996345
727.1999999999864
744.099999999971
1753.6999999990528
3747.500000004968
5768.200000012319
6763.60000001594
7761.50000001957
8760.10000001287
9747.399999998504
9763.299999998271
867.4999999998588
1699.9999999991016
2903.700000001898
3906.700000005547
4903.900000009175
5704.600000012088
5890.000000012762
5905.200000012817
6907.200000016463
7702.500000019356
8701.00000001373
8896.20000001089
9699.699999999197
9897.29999999632
823.8999999998985
904.7999999998248
939.3999999997934
955.5999999997788
989.6999999997475
1885.9999999989325
1941.399999998882
1958.2999999988667
2886.300000001834
2912.200000001929
2943.600000002043
2959.500000002101
3883.800000005464
3896.5000000055097
3941.900000005675
3958.400000005735
4885.900000009109
4910.100000009197
4942.800000009316
4958.700000009374
5885.900000012747
5912.900000012845
5941.900000012951
5958.800000013012
6884.300000016379
6898.1000000164295
6912.600000016482
6942.20000001659
6958.60000001665
7884.500000020018
7910.900000020114
7940.900000020223
7959.100000020289
8886.100000011036
8942.700000010213
8958.400000009984
9886.099999996484
9910.999999996122
9941.99999999567
9958.899999995425
7960.600000020295
709.2000000000028
728.799999999985
736.9999999999775
1705.199999999097
1716.099999999087
1725.4999999990785
1747.2999999990586
2707.400000001184
2717.30000000122
2739.5000000013006
3707.200000004821
3718.500000004862
3737.800000004933
4708.000000008462
4718.100000008499
4725.900000008527
4738.500000008573
5712.500000012116
5721.300000012148
5734.900000012198
6704.800000015726
6715.500000015765
6723.500000015794
6744.20000001587
7706.50000001937
7720.20000001942
7741.500000019498
8711.900000013571
8720.800000013442
9705.899999999108
9720.899999998888
9731.699999998733
876.3999999998507
915.2999999998152
973.999999999762
1869.099999998948
1897.1999999989223
1958.4999999988663
1987.3999999988405
2906.400000001908
2959.1000000020995
2972.500000002148
3878.300000005444
3899.100000005519
3961.1000000057447
4881.900000009095
4907.700000009188
4958.3000000093725
4970.300000009416
5880.200000012726
5906.800000012823
5962.300000013025
5971.5000000130585
6898.500000016431
6957.900000016647
6970.300000016692
7877.600000019993
7907.500000020102
7957.900000020285
7971.5000000203345
7984.500000020382
8908.000000010717
8961.000000009946
8971.600000009792
9878.1999999966
9909.299999996148
9959.599999995417
9977.899999995148
725.7999999999877
1692.0999999991088
1702.3999999990997
1715.999999999087
1729.0999999990752
1767.2999999990404
2692.60000000113
2707.9000000011856
2724.3000000012453
2741.500000001308
2770.5000000014134
3691.900000004765
3705.300000004814
3724.900000004885
3767.50000000504
4691.800000008403
4708.400000008463
4724.900000008523
4745.400000008598
4770.900000008691
5692.500000012044
5706.400000012094
5725.300000012163
5762.100000012297
5773.700000012339
6692.300000015681
6707.500000015736
6725.500000015802
6759.100000015924
7691.800000019317
7706.100000019369
7725.60000001944
7759.500000019563
8691.900000013862
8702.900000013702
8718.80000001347
8758.800000012889
8770.40000001272
9691.89999999931
9705.899999999108
9729.499999998765
9749.299999998477
9768.399999998195
1961.199999998864
1998.0999999988303
2960.300000002104
2999.8000000022475
3961.200000005745
3997.900000005879
4961.800000009385
5000.300000009525
5962.100000013024
5999.700000013161
6961.700000016661
7959.700000020292
8000.40000002044
8960.10000000996
8999.000000009393
9961.399999995388
9998.599999994847
2007.9999999988213
3961.000000005744
5001.100000009528
7961.600000020298
8964.000000009903
9961.799999995384
961.4999999997732
845.6999999998786
1954.4999999988704
3957.2000000057305
5957.300000013007
6960.600000016657
7956.50000002028
9957.499999995443
1706.5999999990956
1821.7999999989909
2723.700000001243
2818.400000001588
3722.200000004876
5724.200000012159
6723.700000015795
6822.300000016154
8722.500000013417
4902.000000009168
829.4999999998934
906.6999999998231
1824.699999998988
1837.1999999989769
2819.300000001591
3821.000000005235
3852.60000000535
4822.80000000888
4855.400000008998
5756.800000012277
5821.700000012514
6819.100000016142
7819.600000019782
7854.100000019907
8817.900000012029
9815.699999997509
9829.699999997303
613.4000000000899
7711.000000019387
1694.7999999991064
2694.300000001136
3694.800000004776
4693.80000000841
5694.600000012051
6693.700000015686
7694.000000019325
8694.700000013821
9694.199999999277
734.29999999998
1909.1999999989116
6908.600000016468
8909.800000010691
9905.499999996202
958.0999999997764
992.6999999997448
1765.2999999990425
2975.0000000021573
4000.700000005889
4975.200000009434
5000.400000009526
5974.800000013071
6001.200000013167
6974.8000000167085
7975.70000002035
8976.200000009725
8999.20000000939
9959.799999995412
9975.79999999518
845.6999999998786
905.699999999824
935.2999999997973
956.199999999778
1844.79999999897
1855.0999999989608
1866.79999999895
1877.49999999894
1885.9999999989325
1913.7999999989072
1959.199999998866
2845.500000001686
2855.7000000017238
2869.8000000017746
2883.100000001823
2891.5000000018536
2958.100000002096
3846.000000005326
3864.9000000053943
3874.800000005431
3882.4000000054575
3897.500000005514
3916.5000000055834
3960.400000005742
4845.800000008963
4863.100000009026
4874.800000009069
4887.000000009113
4899.000000009157
4959.4000000093765
5845.4000000126
5854.500000012633
5865.200000012672
5877.300000012716
5887.200000012752
5931.400000012913
5960.200000013017
6845.90000001624
6856.500000016278
6865.800000016312
6879.00000001636
6889.500000016398
6958.3000000166485
7843.80000001987
7854.000000019907
7864.500000019945
7874.2000000199805
7885.700000020022
7911.200000020115
7959.100000020289
8846.200000011617
8863.300000011368
8872.10000001124
8883.600000011073
8891.900000010952
8958.400000009984
9846.299999997063
9861.499999996842
9872.999999996677
9883.999999996517
9890.399999996422
9913.299999996088
9960.199999995406
691.300000000019
747.399999999968
832.6999999998905
1900.4999999989195
5818.900000012503
6817.600000016137
1764.499999999043
3765.100000005032
4763.800000008665
5769.200000012323
6763.50000001594
7766.500000019589
8764.500000012806
9762.299999998286
740.3999999999744
1744.3999999990613
2741.2000000013068
3721.100000004872
3742.200000004949
4740.000000008578
6745.400000015874
7744.600000019509
8744.500000013097
9742.899999998568
724.5999999999888
762.0999999999547
1698.0999999991034
1720.7999999990827
1731.8999999990726
2699.800000001156
2715.3000000012125
2726.0000000012515
3701.4000000048
3716.100000004853
3722.400000004876
4699.800000008432
4720.8000000085085
4727.200000008532
5716.4000000121305
5725.000000012162
6701.3000000157135
6712.500000015754
6721.700000015788
7700.000000019347
7720.0000000194195
8698.700000013763
8713.40000001355
8724.600000013386
9700.599999999184
9715.599999998964
9727.399999998794
955.0999999997792
971.0999999997646
6972.800000016701
960.799999999774
1959.8999999988653
2007.499999998822
4007.600000005914
4961.500000009384
5006.700000009549
5957.100000013006
6959.4000000166525
7005.600000016821
7959.600000020291
8006.10000002046
9010.90000000922
9961.799999995384
699.3000000000118
743.3999999999717
1751.399999999055
1900.5999999989192
2748.3000000013326
3905.200000005541
5751.400000012258
5875.200000012708
5899.200000012796
6748.3000000158845
6762.800000015937
6874.200000016343
6905.500000016456
7752.000000019536
7871.500000019971
8758.70000001289
9752.199999998433
9902.399999996249
9775.69999999809
848.599999999876
918.5999999998124
1880.1999999989375
1968.2999999988576
2971.2000000021435
4969.400000009413
5968.100000013046
6968.300000016685
7969.500000020327
8973.900000009759
1879.3999999989385
3966.6000000057647
9962.69999999537
726.2999999999872
738.7999999999759
861.1999999998645
1711.9999999990907
1730.299999999074
2712.3000000012016
2730.2000000012667
3712.50000000484
4715.70000000849
4729.300000008539
5721.100000012148
6711.500000015751
6732.100000015826
7710.400000019385
7731.900000019463
8700.900000013731
8714.600000013532
8728.50000001333
9712.49999999901
9796.799999997784
730.4999999999834
1698.499999999103
1709.9999999990926
2713.6000000012064
2811.5000000015625
3711.200000004836
3721.300000004872
4721.30000000851
5719.700000012143
6709.800000015744
7710.300000019384
8710.60000001359
9709.999999999049
9742.199999998578
1713.899999999089
1729.8999999990745
1740.0999999990652
1755.699999999051
1772.099999999036
1795.0999999990152
1819.499999998993
1837.899999998976
2714.2000000012085
2737.100000001292
2762.700000001385
2771.1000000014155
2794.2000000015
2802.7000000015305
2820.700000001596
3713.800000004845
3737.600000004932
3760.000000005013
3770.400000005051
3796.6000000051454
3820.500000005233
4713.300000008481
4759.900000008651
4767.700000008679
4796.500000008784
5714.400000012123
5739.200000012213
5765.000000012307
5792.100000012406
5803.700000012448
6713.000000015756
6741.60000001586
6759.200000015924
6769.2000000159605
6796.200000016059
6839.400000016216
7713.700000019397
7762.200000019573
7770.900000019605
7796.4000000196975
7807.100000019736
8713.30000001355
8737.4000000132
8758.800000012889
8770.200000012723
8796.600000012339
9714.399999998985
9736.999999998654
9758.49999999834
9768.89999999819
9796.099999997794
731.5999999999824
750.3999999999653
913.0999999998172
1740.5999999990647
1894.299999998925
3742.800000004951
4747.500000008606
5735.300000012199
5893.600000012775
6894.600000016417
7894.400000020054
8893.000000010936
9755.79999999838
9892.399999996393
1867.5999999989488
1905.9999999989143
3904.2000000055377
4901.900000009167
5901.500000012804
6906.40000001646
7903.500000020087
8903.800000010779
961.1999999997736
1709.499999999093
2709.2000000011903
5957.700000013008
6708.800000015741
6958.400000016649
8661.900000014299
8710.700000013589
726.3999999999871
735.6999999999787
743.3999999999717
903.599999999826
1711.799999999091
1722.699999999081
1736.999999999068
1871.6999999989453
1887.2999999989315
2734.900000001284
2743.200000001314
2837.800000001658
2887.400000001838
3715.0000000048494
3728.9000000049
3736.500000004928
3888.100000005479
4725.500000008526
4737.3000000085685
4889.00000000912
5721.900000012151
5736.100000012202
5867.800000012681
5887.200000012752
6710.800000015748
6721.200000015786
6738.600000015849
6796.100000016058
6869.700000016326
6888.2000000163935
7709.900000019383
7720.400000019421
7734.400000019472
7746.100000019514
7887.600000020029
8719.300000013463
8729.20000001332
8870.100000011269
8889.200000010991
9708.499999999069
9719.899999998905
9732.899999998714
9886.29999999648
652.0000000000548
1810.8999999990008
2812.500000001566
3811.8000000052016
4809.500000008831
5812.300000012479
6811.700000016115
7810.000000019747
8811.700000012119
9808.599999997612
1821.699999998991
2814.2000000015723
3806.600000005183
5822.5000000125165
6821.40000001615
7807.4000000197375
7822.700000019793
9819.399999997457
652.2000000000546
961.2999999997736
947.1999999997864
744.6999999999705
754.8999999999612
773.1999999999446
1752.0999999990545
1768.1999999990396
2752.600000001348
2973.9000000021533
3719.800000004867
3752.300000004985
3771.700000005056
4752.800000008625
5753.400000012265
5772.500000012335
5973.000000013064
6752.200000015899
6771.4000000159685
6983.50000001674
7752.400000019537
8719.700000013458
8752.50000001298
8772.300000012692
9751.899999998435
9767.599999998209
8637.000000014661
821.4999999999006
1736.5999999990684
1798.7999999990118
1811.0999999990008
1845.2999999989693
2725.7000000012504
2800.5000000015225
2811.800000001564
3725.500000004888
3788.300000005116
3801.3000000051634
3888.600000005481
4734.0000000085565
4799.700000008796
5806.500000012458
5825.8000000125285
6725.1000000158
6788.20000001603
6807.100000016098
6822.900000016156
7734.500000019472
7799.90000001971
7811.900000019754
7826.400000019807
8727.80000001334
8808.20000001217
8827.700000011886
9798.799999997756
9810.69999999758
9821.599999997425
886.2999999998417
952.6999999997812
969.699999999766
1811.799999999
1969.7999999988565
2822.5000000016025
2965.900000002124
3812.500000005204
3961.900000005748
4960.800000009382
5959.400000013015
6960.900000016658
6972.5000000167
7962.1000000203
8962.000000009932
9961.799999995384
2744.300000001318
3742.200000004949
4743.600000008591
6744.20000001587
7727.800000019448
9742.499999998574
824.4999999998979
841.0999999998828
1854.599999998961
1864.899999998952
1889.799999998929
2854.6000000017198
2865.4000000017586
2899.000000001881
3858.2000000053695
3866.700000005401
3897.000000005512
4854.300000008994
4863.800000009029
5855.600000012637
5867.200000012679
5895.400000012782
6854.700000016272
6865.400000016311
6898.900000016432
7854.600000019909
7866.000000019951
7894.800000020055
8854.000000011503
8866.000000011329
8895.300000010902
9855.599999996928
9867.399999996756
962.4999999997724
1959.199999998866
2003.2999999988256
2957.5000000020937
2999.400000002246
3957.8000000057327
4000.800000005889
4958.500000009373
4999.600000009523
5958.3000000130105
6005.400000013182
6955.90000001664
7003.400000016813
7956.40000002028
8003.500000020451
8961.900000009933
9000.300000009374
9958.099999995437
655.4000000000517
735.1999999999791
755.3999999999608
1747.999999999058
1764.6999999990428
2753.8000000013526
2772.000000001419
3750.90000000498
3766.400000005037
3779.9000000050855
4754.600000008632
4764.200000008666
5753.700000012266
5770.700000012328
6752.7000000159005
6773.600000015977
7753.400000019541
7772.900000019612
8752.000000012988
8770.600000012717
9742.79999999857
9752.99999999842
9763.599999998269
745.19999999997
851.899999999873
863.0999999998628
879.5999999998478
890.8999999998375
903.699999999826
1830.799999998983
1858.5999999989572
1867.1999999989496
1880.5999999989372
1889.3999999989292
1902.899999998917
2820.600000001596
2858.2000000017324
2869.300000001773
2888.100000001841
2903.8000000018983
3857.500000005368
3866.900000005402
3881.1000000054537
3890.7000000054886
3904.000000005537
4831.300000008911
4862.9000000090255
4880.900000009091
4890.300000009125
4903.400000009173
5858.100000012646
5867.800000012681
5881.30000001273
5890.100000012762
5903.20000001281
6820.700000016148
6859.200000016288
6868.200000016321
6881.600000016369
6890.600000016402
6901.800000016443
7860.800000019932
7869.600000019964
7883.100000020013
7891.500000020043
7903.300000020086
8861.400000011396
8880.700000011115
8890.00000001098
8903.600000010782
9831.099999997285
9862.29999999683
9877.599999996608
9889.19999999644
9903.59999999623
941.099999999792
959.599999999775
2015.4999999988147
2971.600000002145
4007.400000005913
5015.100000009579
6970.900000016694
7010.500000016838
8003.700000020452
9014.30000000917
9966.399999995316
730.899999999983
1726.8999999990772
2743.500000001315
3744.200000004956
4729.700000008541
8724.000000013395
9722.999999998858
1765.599999999042
2739.7000000013013
3767.000000005039
4768.500000008682
5771.000000012329
6769.00000001596
7768.000000019594
8769.400000012734
9762.299999998286
9775.999999998086
865.3999999998607
878.4999999998488
898.099999999831
1863.499999998953
1878.799999998939
1888.79999999893
1895.9999999989236
1903.999999998916
2866.5000000017626
2885.400000001832
2896.500000001872
2904.2000000019
3862.7000000053863
3878.800000005445
3889.800000005485
3897.200000005512
3906.300000005546
4830.300000008907
4868.100000009044
4884.700000009105
4895.600000009144
4905.50000000918
5865.100000012671
5882.700000012736
5895.600000012782
5904.300000012814
6865.000000016309
6884.1000000163785
6895.50000001642
6903.70000001645
7830.800000019823
7866.300000019952
7882.000000020009
7895.300000020057
7905.500000020094
8866.000000011329
8885.000000011052
8896.400000010886
8903.600000010782
9865.69999999678
9875.099999996644
9886.39999999648
9896.599999996331
9904.89999999621
742.6999999999723
767.3999999999498
847.5999999998769
1758.899999999048
1768.1999999990396
1890.5999999989283
2757.4000000013657
2906.6000000019085
3757.3000000050033
3768.000000005042
3898.9000000055194
4759.60000000865
5754.100000012268
5763.800000012303
5906.200000012821
6761.100000015931
6775.700000015984
6890.700000016403
7762.000000019572
7890.70000002004
8756.70000001292
8903.300000010786
9760.799999998308
9891.499999996406
1841.299999998973
1959.7999999988651
2962.00000000211
3959.300000005738
4960.900000009382
5959.200000013014
6960.5000000166565
7958.800000020288
8960.300000009956
9802.4999999977
9836.399999997207
9958.59999999543
961.6999999997732
712.9999999999993
1712.3999999990904
2727.800000001258
3713.1000000048425
3737.700000004932
4712.600000008479
5727.30000001217
6714.10000001576
8715.100000013525
726.9999999999866
732.6999999999814
948.7999999997847
1957.299999998868
2957.200000002093
3958.700000005736
4956.700000009367
5957.400000013007
6957.700000016646
6980.3000000167285
7956.700000020281
8960.10000000996
9958.199999995437
837.2999999998863
877.19999999985
901.8999999998276
912.9999999998174
1860.9999999989552
1894.199999998925
1904.499999998916
2861.900000001746
2895.500000001868
2904.9000000019023
3861.700000005383
3895.700000005507
3907.2000000055486
4832.200000008914
4868.500000009046
4895.500000009144
4906.200000009183
5895.200000012781
5905.200000012817
6861.100000016295
6895.300000016419
6905.600000016457
7864.100000019944
7896.10000002006
7905.600000020095
8877.900000011155
8895.700000010896
8903.900000010777
9862.199999996832
9894.59999999636
9905.5999999962
875.3999999998516
905.699999999824
962.2999999997726
984.4999999997524
1876.2999999989413
1888.59999999893
1898.599999998921
2887.200000001838
2893.20000000186
2902.900000001895
2970.30000000214
3588.0000000043874
3887.9000000054784
3900.0000000055225
3977.700000005805
4888.80000000912
4900.600000009163
4976.90000000944
5602.900000011718
5889.100000012759
5900.100000012799
5975.9000000130745
6876.700000016352
6888.500000016395
6899.900000016436
6929.300000016543
7602.300000018991
7888.800000020034
7900.200000020075
7971.700000020335
7991.600000020408
8602.100000015169
8888.200000011006
8901.00000001082
8928.900000010413
9600.300000000643
9888.39999999645
9901.299999996265
9977.999999995149
877.19999999985
964.099999999771
1875.8999999989417
1897.9999999989216
1957.999999998867
1967.4999999988584
2878.0000000018044
2898.4000000018787
2957.5000000020937
2968.300000002133
3898.800000005518
3957.8000000057327
3971.100000005781
4898.1000000091535
4958.400000009373
4970.300000009416
5878.800000012721
5899.000000012795
5957.300000013007
5968.900000013049
6897.500000016427
6963.200000016666
7895.800000020059
7950.700000020259
7963.200000020304
7985.000000020384
8894.700000010911
8908.300000010713
8962.900000009919
9878.999999996588
9894.399999996363
9955.899999995469
9968.19999999529
741.0999999999738
2958.6000000020977
4012.600000005932
4963.400000009391
5003.000000009535
5963.100000013028
6006.700000013187
6963.700000016668
7963.800000020306
8962.900000009919
9004.500000009313
3717.400000004858
962.799999999772
5960.80000001302
6961.50000001666
1901.799999998918
2903.200000001896
3904.300000005538
4903.200000009172
5902.200000012806
7904.900000020092
8905.900000010748
9903.799999996229
656.0000000000512
4002.700000005896
5005.900000009546
6003.200000013174
7004.100000016815
9004.400000009315
702.7000000000087
746.299999999969
1763.299999999044
6765.100000015946
7764.00000001958
8766.400000012778
9759.499999998328
701.5000000000098
722.3999999999908
740.2999999999745
817.9999999999038
831.7999999998913
840.7999999998831
854.099999999871
876.7999999998503
894.6999999998341
904.2999999998252
1819.7999999989927
1835.6999999989785
1860.399999998956
1886.599999998932
1898.499999998921
1907.8999999989128
2818.800000001589
2859.500000001737
2888.200000001841
2900.100000001885
2905.900000001906
3819.800000005231
3834.200000005283
3859.400000005375
3887.100000005476
3903.200000005534
4699.700000008432
4818.800000008865
4861.200000009019
4887.200000009114
4902.100000009168
5819.700000012506
5845.5000000126
5860.500000012655
5887.000000012751
5896.600000012786
5905.300000012818
6700.100000015709
6819.200000016142
6844.200000016233
6860.100000016291
6888.2000000163935
6897.0000000164255
6906.800000016461
7699.600000019345
7812.500000019756
7824.6000000198
7860.100000019929
7887.4000000200285
7901.60000002008
8699.300000013754
8818.600000012018
8833.700000011799
8859.800000011419
8887.800000011011
8896.400000010886
8904.40000001077
9698.499999999214
9819.599999997452
9833.199999997254
9859.699999996868
9887.69999999646
9897.499999996318
9906.399999996189
940.4999999997924
955.8999999997784
967.9999999997674
1902.6999999989173
2902.400000001893
3901.800000005529
4901.200000009165
5900.800000012801
6900.700000016439
7904.800000020092
8900.90000001082
9901.699999996255
709.3000000000027
730.999999999983
740.4999999999743
1711.1999999990917
2736.7000000012904
3724.500000004884
3738.300000004934
4742.400000008587
6747.600000015882
7740.000000019492
8724.100000013394
9738.999999998625
963.099999999772
2971.400000002144
722.099999999991
730.1999999999837
740.2999999999745
1701.5999999991002
1711.2999999990914
1721.7999999990818
1736.999999999068
2706.0000000011787
2715.3000000012125
2723.5000000012424
2742.8000000013126
3703.2000000048074
3712.0000000048394
3721.4000000048727
3737.400000004931
4706.900000008458
4720.500000008507
4728.000000008535
4741.900000008585
5706.500000012095
5719.900000012143
5735.700000012201
6703.20000001572
6711.800000015752
6721.700000015788
6741.60000001586
7702.500000019356
7712.100000019391
7721.600000019425
7737.000000019481
8700.900000013731
8712.70000001356
8721.700000013429
8742.300000013129
8776.300000012634
9702.399999999156
9711.09999999903
9720.699999998891
9734.799999998686
3754.800000004994
9766.499999998225
741.2999999999736
3730.800000004907
722.2999999999909
742.7999999999722
834.9999999998884
867.9999999998583
896.0999999998328
1831.7999999989815
1862.0999999989544
1878.19999999894
1902.899999998917
2836.8000000016546
2879.6000000018103
3835.500000005288
3860.5000000053783
3899.900000005522
3908.8000000055545
4832.100000008913
4862.400000009024
4898.000000009153
5836.300000012567
5862.700000012663
5880.000000012726
5898.800000012794
6835.600000016202
6862.700000016301
6877.600000016355
6897.300000016427
7834.500000019836
7906.600000020098
8835.200000011777
8868.60000001129
8897.100000010876
8904.000000010776
9839.799999997158
9877.099999996615
9896.899999996327
9905.499999996202
642.2000000000637
737.1999999999773
747.7999999999677
1767.0999999990406
437.2000000001651
656.1000000000511
1650.3999999991468
2653.800000000989
3656.300000004636
4653.500000008264
5654.700000011906
6654.200000015542
7767.100000019591
9654.699999999852
732.7999999999813
1708.5999999990938
2722.4000000012384
3720.800000004871
3741.100000004944
4716.000000008491
4726.400000008529
5729.500000012178
6724.400000015798
7709.900000019383
7721.800000019426
8732.000000013279
9708.39999999907
9731.499999998734
876.8999999998503
1898.599999998921
2898.9000000018805
3899.8000000055217
4900.3000000091615
4914.200000009212
5899.200000012796
6899.000000016433
7899.100000020071
8898.700000010853
8910.60000001068
9898.999999996297
934.0999999997982
946.9999999997864
960.4999999997742
969.499999999766
1569.89999999922
1966.9999999988588
1995.6999999988327
2570.900000000687
2995.800000002233
3570.1000000043223
3967.3000000057673
3996.8000000058746
4012.300000005931
4571.500000007965
4995.800000009509
5571.500000011603
5964.500000013033
5995.300000013145
6569.800000015235
6960.600000016657
6994.50000001678
7963.100000020304
7996.300000020425
8571.80000001561
8996.100000009435
9570.000000001084
9962.799999995368
9995.299999994895
2818.000000001586
3823.3000000052434
4823.700000008883
5960.200000013017
6823.200000016157
7804.200000019726
9880.499999996566
645.7000000000605
2007.2999999988224
2982.400000002184
3007.900000002277
4003.8000000059
4960.5000000093805
5004.100000009539
5957.500000013008
6005.900000013184
7004.900000016818
7989.800000020401
8004.100000020453
9003.100000009334
1737.6999999990674
1758.0999999990488
1810.1999999990012
2740.200000001303
2758.800000001371
2809.5000000015552
3753.800000004991
3810.600000005197
4743.20000000859
4756.80000000864
4809.400000008831
5742.700000012226
5759.000000012285
5788.200000012392
6740.300000015855
6756.0000000159125
6789.300000016034
7745.800000019513
7757.100000019554
7809.900000019747
8737.800000013194
8755.000000012944
8789.00000001245
9740.7999999986
9755.09999999839
918.6999999998122
949.599999999784
988.199999999749
1769.1999999990387
1884.9999999989332
1960.4999999988647
2886.8000000018365
2957.900000002095
3887.100000005476
4890.500000009126
5887.000000012751
6783.000000016011
6885.900000016385
6898.000000016429
6965.400000016674
7888.500000020032
7964.100000020308
8888.200000011006
9781.999999998
9890.799999996416
703.3000000000081
743.3999999999717
830.0999999998928
1829.399999998984
1900.699999998919
2825.900000001615
2903.100000001896
3831.400000005273
3862.100000005385
3902.8000000055326
4825.200000008888
4833.100000008917
4901.900000009167
5836.400000012567
5902.900000012809
6827.400000016172
6863.400000016303
6899.900000016436
7825.200000019802
7865.4000000199485
7900.800000020077
8705.500000013664
8825.800000011914
8901.200000010816
9826.799999997347
9898.7999999963
1745.0999999990606
3568.000000004314
4569.200000007957
5567.80000001159
6569.400000015234
6745.500000015874
7568.90000001887
8570.300000015632
943.4999999997896
958.399999999776
1950.5999999988735
1959.199999998866
2957.7000000020944
3958.600000005736
4958.600000009374
5007.20000000955
5957.200000013007
6949.5000000166165
6959.4000000166525
7950.9000000202595
7961.500000020298
8959.300000009971
9948.29999999558
9959.599999995417
1880.3999999989376
1949.4999999988747
1966.699999998859
2891.000000001852
2950.500000002068
2968.900000002135
3873.300000005425
3964.300000005757
4881.200000009092
4967.1000000094045
5882.600000012735
5960.300000013018
6879.7000000163625
6949.300000016616
6967.500000016682
7877.200000019991
7962.7000000203025
8877.900000011155
8965.400000009882
9879.899999996574
9958.699999995428
949.4999999997842
2890.400000001849
5962.000000013024
7892.300000020046
9889.499999996437
9962.099999995378
955.9999999997784
979.1999999997572
731.2999999999827
742.999999999972
1724.2999999990795
1743.9999999990616
2722.1000000012373
4733.300000008554
5724.40000001216
5737.800000012208
6724.900000015799
7725.200000019438
8724.100000013394
9723.49999999885
9740.6999999986
831.6999999998914
893.699999999835
908.9999999998212
1863.299999998953
1879.0999999989388
1896.7999999989229
2865.4000000017586
2899.2000000018816
2914.8000000019383
3834.800000005285
3863.900000005391
3881.200000005454
3897.700000005514
3911.200000005563
4839.200000008939
4864.400000009031
4897.800000009152
4913.800000009211
5833.300000012556
5864.80000001267
5882.300000012734
5898.300000012792
5912.100000012842
6835.600000016202
6864.100000016306
6879.500000016362
6898.500000016431
7863.800000019943
7892.900000020048
7901.50000002008
8839.700000011711
8865.000000011343
8893.100000010934
8900.700000010824
9833.699999997249
9862.99999999682
9880.79999999656
9897.29999999632
9908.799999996154
7822.300000019792
1993.3999999988348
3993.2000000058615
5996.300000013149
7996.800000020426
8993.400000009475
9995.69999999489
1960.299999998865
2961.8000000021093
3960.2000000057415
4962.000000009386
5961.400000013022
6959.200000016652
7962.800000020303
9960.299999995405
4739.000000008575
5893.400000012774
971.699999999764
1878.19999999894
1895.799999998924
2882.9000000018223
2902.8000000018947
3876.7000000054377
3905.700000005543
4903.900000009175
5878.900000012722
5900.5000000128
6877.800000016356
6904.900000016454
7879.400000019999
7907.800000020103
8880.800000011113
8901.70000001081
9876.999999996617
9894.399999996363
698.5000000000125
738.599999999976
761.5999999999551
829.6999999998932
1699.8999999991015
1825.399999998988
2702.300000001165
2824.1000000016084
3692.700000004768
3705.500000004815
3825.5000000052514
4692.400000008405
4824.400000008885
5694.20000001205
5703.400000012083
5823.6000000125205
6692.800000015683
6708.100000015738
6826.90000001617
7693.200000019322
7703.300000019359
7824.100000019798
8700.800000013733
8824.70000001193
9693.99999999928
9704.799999999124
9824.799999997376
2008.8999999988207
8009.500000020473
646.4000000000599
710.2000000000019
725.5999999999879
765.8999999999512
828.8999999998939
1731.7999999990727
1757.2999999990495
2731.700000001272
3733.7000000049175
3763.9000000050273
4733.200000008554
5731.200000012184
5743.600000012229
6730.900000015821
6759.700000015926
7712.900000019394
7732.800000019466
7761.800000019572
8711.900000013571
8764.100000012812
9711.19999999903
9738.099999998638
8912.00000001066
911.4999999998188
941.999999999791
1744.3999999990613
1856.2999999989595
1864.599999998952
1884.299999998934
1899.99999999892
1955.0999999988696
2739.2000000012995
2851.200000001707
2864.100000001754
2884.800000001829
2898.4000000018787
3738.300000004934
3772.400000005058
3851.900000005348
3866.100000005399
3882.70000000546
3895.800000005507
4738.300000008572
4855.800000009
4863.200000009027
4885.200000009107
4900.3000000091615
5743.300000012228
5857.600000012644
5865.500000012673
5886.000000012748
5901.400000012804
6745.300000015874
6854.800000016272
6863.700000016304
6884.000000016378
6895.100000016419
6958.000000016647
7741.200000019497
7853.000000019903
7863.400000019941
7884.500000020018
7896.800000020063
8739.900000013164
8774.400000012662
8858.40000001144
8866.300000011324
8885.10000001105
8897.100000010876
9745.099999998536
9771.899999998146
9845.79999999707
9863.299999996816
9885.499999996491
9898.999999996297
739.1999999999755
777.9999999999402
907.0999999998228
1884.7999999989336
2884.800000001829
3841.100000005308
3884.4000000054657
4885.500000009108
5885.800000012747
6884.50000001638
7842.400000019865
7884.300000020017
8885.400000011046
9884.899999996502
945.399999999788
1895.9999999989236
1918.9999999989025
1958.3999999988664
2887.60000000184
2921.2000000019616
2953.200000002078
2963.900000002117
3893.300000005498
3916.700000005583
4896.100000009146
4920.800000009236
5917.400000012862
5956.800000013005
6897.800000016428
6920.600000016511
6959.800000016654
7890.000000020038
7919.800000020146
7960.100000020293
8896.500000010885
8921.100000010527
8961.200000009943
9889.599999996432
9917.499999996027
9964.899999995338
701.6000000000097
7698.10000001934
734.6999999999796
746.7999999999686
1719.1999999990842
1734.0999999990706
2721.700000001236
2737.3000000012926
3720.400000004869
3740.000000004941
4735.500000008562
5734.200000012195
6738.70000001585
7720.300000019421
7742.0000000195
8712.900000013557
8730.300000013303
8739.100000013175
9725.49999999882
9738.799999998628
9753.09999999842
6962.800000016665
943.19999999979
866.9999999998593
889.0999999998392
907.1999999998228
1866.4999999989504
1896.8999999989223
1908.599999998912
2868.1000000017684
2897.900000001877
2904.800000001902
3862.200000005385
3897.000000005512
4836.300000008929
4869.000000009048
4899.500000009159
5865.900000012674
5896.400000012785
5907.100000012824
6828.400000016176
6862.5000000163
6896.600000016424
6905.400000016456
7836.600000019844
7870.200000019966
7897.900000020067
8820.000000011998
8867.700000011304
8896.400000010886
8906.50000001074
9819.69999999745
9867.89999999675
9896.399999996334
3878.200000005443
6879.300000016361
1611.799999999182
2614.400000000845
5612.900000011754
6612.700000015391
7611.500000019025
8611.400000015034
9613.400000000453
743.1999999999719
908.4999999998216
1739.3999999990658
1892.6999999989264
1901.5999999989183
2735.500000001286
2895.100000001866
2912.9000000019314
3738.500000004935
3897.100000005512
4737.3000000085685
4900.00000000916
5738.20000001221
5900.800000012801
6738.90000001585
6892.900000016411
6901.900000016443
7741.700000019498
7898.80000002007
8737.700000013196
8894.000000010921
8912.00000001066
9743.699999998556
9898.499999996304
841.999999999882
904.8999999998248
1899.1999999989205
3899.20000000552
731.1999999999828
2727.500000001257
3731.400000004909
4729.700000008541
5732.100000012188
7730.200000019457
8752.800000012976
9733.09999999871
9755.79999999838
901.299999999828
909.99999999982
1884.299999998934
1892.5999999989265
1957.099999998868
2884.900000001829
2896.4000000018714
2956.200000002089
3883.700000005463
3900.400000005524
3957.8000000057327
4884.500000009104
4892.400000009133
5884.00000001274
5894.400000012778
5954.900000012998
6884.200000016379
6892.70000001641
6956.1000000166405
7884.200000020017
7891.900000020045
7956.50000002028
8884.300000011062
8892.400000010944
8956.700000010009
9884.899999996502
9893.99999999637
9956.799999995455
844.7999999998794
3898.600000005517
4847.300000008969
4901.100000009164
5899.900000012798
6898.600000016431
7899.000000020071
8898.400000010857
1744.9999999990607
2741.9000000013093
3743.200000004952
4743.10000000859
6742.400000015863
7746.200000019515
9743.999999998552
696.2000000000146
744.2999999999709
1752.7999999990536
2753.300000001351
4759.000000008648
4829.500000008904
6753.000000015902
7753.00000001954
8759.300000012881
9753.299999998417
851.0999999998737
886.1999999998418
953.2999999997808
960.899999999774
1949.099999998875
2009.89999999882
2950.3000000020675
2961.9000000021097
3956.400000005728
4949.700000009341
4962.500000009388
5955.700000013001
6950.200000016619
6960.000000016655
7949.500000020254
7959.600000020291
8957.500000009997
9010.000000009231
9949.499999995562
9961.499999995389
648.1000000000583
3835.000000005286
839.6999999998841
855.6999999998695
876.5999999998505
909.5999999998204
1842.999999998972
1871.099999998946
1905.6999999989143
2841.900000001673
2876.000000001797
2904.500000001901
3840.800000005307
3870.600000005416
3905.900000005544
4840.500000008944
4870.700000009054
4903.100000009172
5841.300000012585
5876.000000012711
5905.80000001282
6841.700000016224
6874.900000016345
6905.600000016457
7842.300000019864
7871.40000001997
7905.500000020094
8846.300000011615
8876.20000001118
8906.100000010745
9841.69999999713
9873.29999999667
9908.699999996155
2963.600000002116
5959.500000013015
7959.900000020292
1958.7999999988665
2004.099999998825
2958.100000002096
3008.3000000022785
3958.9000000057367
4003.900000005901
4958.400000009373
5002.900000009535
5957.700000013008
6002.900000013173
6957.2000000166445
7007.000000016826
7958.3000000202865
8003.100000020449
8958.400000009984
9002.00000000935
9958.199999995437
730.5999999999833
740.4999999999743
1741.6999999990635
2744.80000000132
3741.500000004946
4739.200000008575
5741.300000012221
6741.900000015861
7740.500000019494
8742.400000013127
938.2999999997944
958.0999999997764
1854.499999998961
2854.4000000017186
3855.100000005359
4855.300000008998
5867.200000012679
6853.900000016269
7855.000000019911
8853.700000011508
9854.599999996944
9877.39999999661
4970.300000009416
7970.100000020329
831.8999999998912
866.2999999998599
1832.999999998981
1899.49999999892
3835.700000005289
3895.900000005508
4831.20000000891
4896.600000009148
6832.20000001619
6898.1000000164295
7833.300000019832
7895.900000020059
8894.10000001092
8903.600000010782
9831.899999997271
9896.199999996335
959.9999999997748
2015.199999998815
4017.6000000059503
4658.500000008282
5012.50000000957
8007.500000020465
9659.999999999774
743.3999999999717
1764.9999999990423
3764.900000005031
6766.30000001595
7765.000000019583
9765.299999998242
1765.0999999990424
732.5999999999815
2720.8000000012325
3717.600000004859
3882.600000005459
4721.10000000851
5721.600000012149
6721.700000015788
7719.400000019417
8722.400000013418
9722.299999998868
9746.499999998516
654.6000000000524
952.999999999781
1655.2999999991423
3656.400000004636
4654.100000008266
7655.600000019185
8656.400000014379
9655.39999999984
731.0999999999829
745.19999999997
824.0999999998983
840.3999999998834
853.4999999998715
870.3999999998562
881.7999999998458
896.7999999998322
910.5999999998196
1769.4999999990384
1851.799999998964
1869.5999999989476
1881.899999998936
1896.399999998923
1905.4999999989147
2831.400000001635
2865.60000000176
2878.400000001806
2897.3000000018747
2905.900000001906
3863.300000005389
3877.30000000544
3896.7000000055104
4876.500000009075
4896.500000009148
4906.000000009182
5853.500000012629
5866.900000012678
5881.30000001273
5896.700000012786
6769.2000000159605
6861.600000016297
6875.500000016347
6890.1000000164
6898.1000000164295
7769.400000019599
7866.500000019952
7878.500000019996
7897.300000020064
8856.700000011464
8877.100000011167
8896.400000010886
9769.099999998189
9834.499999997235
9866.799999996763
9877.299999996612
9896.499999996331
908.3999999998216
941.5999999997914
1884.0999999989344
2884.6000000018284
3837.200000005294
3884.6000000054655
4868.000000009044
4884.9000000091055
5884.700000012743
6884.50000001638
6893.300000016412
7884.600000020018
8837.300000011746
8884.50000001106
9884.9999999965
8775.400000012647
736.9999999999775
1703.3999999990986
1718.299999999085
2733.90000000128
3722.200000004876
3747.900000004969
4737.3000000085685
5726.600000012168
6724.200000015797
7720.600000019422
7735.100000019474
8702.700000013705
8720.800000013442
9747.199999998506
936.7999999997958
5971.90000001306
6971.800000016698
7960.700000020295
9973.899999995208
1717.299999999086
2727.7000000012576
3713.7000000048447
4730.800000008545
7717.50000001941
8716.10000001351
877.8999999998493
1889.5999999989288
2890.200000001849
3890.600000005488
4890.300000009125
4907.500000009188
5890.000000012762
6890.500000016402
6905.900000016458
7890.900000020041
8890.200000010977
8902.400000010799
9891.7999999964
1911.899999998909
4907.500000009188
6904.000000016451
1767.5999999990402
2772.8000000014217
3768.1000000050426
4772.900000008698
5769.300000012323
6766.600000015951
8773.000000012682
9767.199999998214
730.999999999983
1753.0999999990534
3751.200000004981
4749.800000008614
6772.100000015971
8752.200000012985
9762.79999999828
1722.599999999081
2723.8000000012435
3723.700000004881
4727.600000008533
5729.100000012177
6725.700000015802
7720.500000019421
8722.100000013423
9722.999999998858
732.6999999999814
1714.4999999990885
2720.700000001232
3717.5000000048585
4720.900000008509
4734.600000008559
5721.100000012148
6721.800000015788
7719.100000019416
8701.600000013721
8722.30000001342
9738.999999998625
1873.399999998944
3875.3000000054326
4874.400000009067
6873.300000016339
6971.100000016695
934.8999999997976
1995.1999999988327
2994.700000002229
3998.600000005881
4993.800000009502
5994.700000013143
6958.000000016647
6996.500000016787
7995.10000002042
8994.000000009466
9994.599999994904
1844.79999999897
2971.5000000021446
3970.80000000578
5970.400000013055
8960.80000000995
8971.900000009788
9961.29999999539
1719.5999999990838
1737.999999999067
2720.10000000123
3722.200000004876
4721.10000000851
5719.400000012141
5769.100000012322
6722.30000001579
7721.700000019426
8719.600000013459
8728.300000013332
9720.499999998894
1761.8999999990451
6741.50000001586
8763.400000012822
9762.59999999828
732.5999999999815
1712.4999999990905
1745.4999999990605
2709.900000001193
3727.400000004895
4731.200000008546
5727.000000012169
6710.900000015748
6730.60000001582
7725.400000019439
8723.800000013398
9723.999999998843
1893.099999998926
2886.8000000018365
3884.500000005466
4887.500000009115
5885.500000012746
6888.2000000163935
7885.500000020022
9885.999999996486
832.099999999891
840.7999999998831
861.9999999998638
876.4999999998506
908.4999999998216
1863.5999999989529
1889.4999999989293
1900.4999999989195
2866.900000001764
2889.800000001848
2903.200000001896
3862.200000005385
3885.900000005471
3898.7000000055177
4868.200000009045
4898.200000009154
4908.800000009192
5870.10000001269
5889.900000012762
5899.700000012797
6863.800000016305
6889.9000000164
6900.200000016437
7862.700000019939
7900.600000020077
8878.600000011145
8896.600000010883
8907.500000010725
9862.899999996822
9880.699999996565
9897.099999996324
730.1999999999837
1739.7999999990654
1783.7999999990254
2729.200000001263
2891.2000000018525
3731.3000000049087
3782.900000005096
3890.7000000054886
4732.10000000855
4891.100000009128
5735.5000000122
5762.200000012297
5784.800000012379
5891.400000012767
6729.100000015815
6740.200000015855
6782.600000016009
6889.800000016399
7731.400000019461
8734.100000013248
8781.300000012561
8891.30000001096
9732.899999998714
9782.199999997996
9890.799999996416
731.4999999999825
1742.7999999990627
3739.0000000049367
4737.3000000085685
6738.500000015849
7738.000000019485
695.800000000015
726.499999999987
738.7999999999759
2967.6000000021304
4738.500000008573
9706.899999999092
9745.999999998525
947.9999999997856
745.7999999999695
901.8999999998276
1896.499999998923
2890.000000001848
2904.000000001899
3897.8000000055135
4898.700000009156
5898.400000012793
6896.800000016425
7899.500000020073
8896.10000001089
8910.200000010685
9896.399999996334
9910.799999996125
2838.800000001662
3840.7000000053063
4836.900000008931
6837.80000001621
9840.199999997152
846.9999999998774
969.2999999997662
1712.5999999990902
1721.1999999990824
1799.4999999990112
2008.499999998821
2719.1000000012264
2734.000000001281
2828.800000001625
3718.600000004863
3734.000000004919
3801.200000005163
4722.600000008515
4732.600000008551
4799.400000008794
5725.800000012165
6716.200000015768
6722.30000001579
6736.10000001584
6800.100000016073
6979.700000016726
7715.500000019403
7722.700000019429
7734.300000019472
7801.100000019715
7829.600000019818
8712.400000013564
8721.500000013431
8733.600000013255
8801.900000012261
9720.599999998893
9735.19999999868
9798.999999997752
9831.199999997283
745.6999999999696
2896.300000001871
3900.0000000055225
702.1000000000092
710.4000000000017
904.4999999998251
1903.6999999989164
2904.7000000019016
3861.200000005381
3904.300000005538
4905.600000009181
5901.300000012803
6900.800000016439
7906.400000020098
8702.40000001371
8902.3000000108
9905.499999996202
736.399999999978
1723.89999999908
4743.800000008592
5739.600000012215
5784.3000000123775
9739.599999998616
9783.499999997975
5771.400000012331
5724.100000012159
6725.2000000158005
8723.00000001341
9742.699999998573
746.9999999999684
1763.1999999990442
2768.0000000014043
3767.100000005039
4765.700000008672
5766.400000012312
6764.600000015944
7763.800000019579
8764.300000012809
9762.69999999828
3905.800000005544
7907.800000020103
4008.200000005916
5965.500000013037
956.8999999997776
1961.7999999988635
2961.600000002109
5961.700000013023
6960.600000016657
7961.600000020298
9961.799999995384
700.4000000000108
729.5999999999842
829.0999999998937
866.0999999998601
889.0999999998392
1828.3999999989849
1869.7999999989472
1905.099999998915
2826.3000000016164
2907.00000000191
3827.7000000052594
3907.60000000555
4704.200000008448
4828.3000000089
4907.300000009187
5703.000000012082
5827.300000012534
5867.700000012681
6705.80000001573
6828.000000016174
6842.200000016226
6908.200000016466
7826.100000019805
7865.90000001995
8703.400000013695
8829.300000011863
8906.40000001074
9702.999999999149
9826.299999997354
9906.099999996191
906.6999999998231
1902.1999999989175
3901.7000000055286
734.4999999999798
4738.500000008573
842.2999999998817
1900.19999999892
3898.500000005517
4901.900000009167
6898.500000016431
8899.700000010838
9899.599999996288
7721.900000019426
1826.6999999989864
1854.599999998961
2826.500000001617
2854.70000000172
3716.100000004853
3777.000000005075
3827.100000005257
3853.9000000053543
4826.000000008891
4854.100000008993
5826.700000012532
5856.000000012638
6826.300000016168
7825.500000019803
7853.500000019905
8826.10000001191
8858.900000011432
9825.89999999736
9855.899999996924
744.6999999999705
877.4999999998497
888.8999999998393
910.4999999998196
1877.0999999989408
1888.8999999989296
1904.9999999989152
1915.7999999989052
2878.100000001805
2889.600000001846
2905.2000000019034
2918.600000001952
3876.9000000054384
3887.4000000054766
3901.7000000055286
3910.000000005559
4012.500000005932
4880.000000009088
4889.700000009123
4906.200000009183
4919.700000009232
5008.900000009557
5879.000000012722
5888.400000012756
5904.400000012814
5911.50000001284
6716.000000015767
6878.300000016357
6888.600000016395
6902.5000000164455
6911.100000016477
7877.300000019992
7888.600000020033
7909.1000000201075
8877.900000011155
8888.300000011004
8903.400000010784
8910.60000001068
9877.799999996603
9887.599999996462
9905.499999996202
9915.799999996052
905.9999999998238
1897.9999999989216
2898.3000000018783
2910.2000000019216
3897.900000005515
3908.400000005553
4897.300000009151
4909.1000000091935
5897.900000012791
6897.600000016428
6906.9000000164615
7899.100000020071
8897.700000010867
9896.799999996329
9905.899999996196
940.0999999997928
3904.90000000554
8778.100000012608
9755.09999999839
1982.3999999988448
2968.5000000021337
2982.400000002184
3982.0000000058208
4968.900000009411
4983.600000009465
5982.200000013097
6982.200000016735
7967.1000000203185
7983.700000020379
8981.600000009646
9007.50000000927
9968.89999999528
9982.899999995076
1838.599999998976
2836.100000001652
3855.600000005361
6846.200000016241
906.4999999998232
1708.9999999990937
1894.9999999989243
1905.299999998915
2709.5000000011914
2896.1000000018703
2907.600000001912
3709.8000000048314
3893.100000005497
3905.100000005541
4709.700000008468
4897.10000000915
5710.200000012108
5895.900000012784
5908.200000012828
6717.000000015771
6893.900000016414
6903.300000016448
7709.0000000193795
7895.000000020056
7907.600000020102
8636.40000001467
8715.40000001352
8894.400000010915
8903.600000010782
9712.399999999012
9895.099999996351
9911.899999996109
1805.6999999990053
2806.6000000015447
3805.300000005178
4805.700000008817
5806.200000012457
6805.400000016092
7804.900000019728
8805.500000012209
9805.099999997665
9758.299999998344
876.4999999998506
1902.999999998917
2904.9000000019023
3902.300000005531
4899.500000009159
5898.700000012794
6897.900000016429
7906.400000020098
8898.800000010851
9897.699999996315
5003.200000009536
2973.300000002151
5972.500000013062
6962.100000016662
909.5999999998204
925.0999999998064
953.99999999978
1854.8999999989608
1885.499999998933
1962.6999999988627
2856.0000000017244
2886.500000001836
2956.000000002088
3856.9000000053657
3886.000000005472
4887.000000009113
5856.6000000126405
5887.600000012753
6854.900000016272
6884.9000000163815
7885.700000020022
7917.600000020138
8857.900000011447
8887.20000001102
9869.599999996724
9886.199999996485
1718.0999999990852
3723.6000000048807
4722.500000008515
7719.300000019417
8718.10000001348
2010.2999999988197
6962.100000016662
718.799999999994
732.6999999999814
1725.0999999990788
2710.4000000011947
3722.200000004876
7710.400000019385
8719.100000013466
9722.499999998863
767.5999999999497
1732.699999999072
1740.9999999990644
1767.2999999990404
1865.699999998951
1894.8999999989244
2733.1000000012773
2866.600000001763
2896.800000001873
3738.400000004935
3773.8000000050633
3865.9000000053984
4733.400000008554
4743.500000008591
4864.700000009032
5738.4000000122105
5773.400000012338
5866.100000012675
5893.600000012775
6738.90000001585
6866.400000016314
6891.700000016406
7733.100000019467
7772.200000019609
7865.200000019948
7892.300000020046
8717.600000013488
8732.800000013267
8772.000000012697
8869.100000011284
9739.799999998611
9868.199999996745
9894.399999996363
2822.5000000016025
7821.500000019789
9827.29999999734
738.2999999999763
1712.69999999909
1743.699999999062
2712.700000001203
2724.100000001245
2744.7000000013195
3711.900000004838
3721.100000004872
4720.700000008508
4743.30000000859
5721.000000012147
6711.000000015749
6723.900000015796
7711.000000019387
7721.300000019424
8713.800000013543
9712.599999999007
935.9999999997964
4824.600000008886
933.5999999997988
1866.8999999989496
6905.300000016456
7904.800000020092
1966.09999999886
2966.0000000021246
3965.7000000057615
4967.1000000094045
5966.800000013041
6960.100000016655
7964.000000020307
8967.100000009857
9966.699999995311
732.9999999999811
3739.300000004938
4740.100000008579
6736.900000015843
736.7999999999777
1738.5999999990663
2734.900000001284
3734.900000004922
3743.800000004954
4735.300000008561
5737.800000012208
6736.10000001584
7735.200000019475
7742.500000019501
8735.800000013223
9735.799999998671
9749.999999998465
9897.39999999632
1897.0999999989224
3893.9000000055
6896.400000016423
7886.900000020027
8894.000000010921
9897.099999996324
1808.7999999990027
5971.90000001306
6809.400000016107
7808.900000019743
9808.299999997616
854.4999999998706
909.99999999982
1896.0999999989235
1911.9999999989088
2905.2000000019034
3902.2000000055305
4901.600000009166
5899.200000012796
6900.200000016437
7899.300000020072
8903.600000010782
9897.599999996315
1904.199999998916
3905.100000005541
4907.100000009186
5905.500000012818
6904.600000016453
7906.800000020099
8904.500000010768
6961.700000016661
7719.600000019418
828.0999999998946
9803.89999999768
1660.7999999991373
3721.800000004874
6727.80000001581
6951.300000016623
9661.499999999753
876.9999999998502
905.899999999824
1895.099999998924
1903.5999999989165
2896.1000000018703
2905.100000001903
3600.600000004433
3894.400000005502
3903.200000005534
4593.500000008045
4894.40000000914
4905.600000009181
5603.800000011721
5894.300000012778
6587.400000015299
6601.700000015351
6893.000000016411
6905.700000016457
7591.100000018951
7894.400000020054
7904.7000000200915
8593.000000015301
8894.600000010912
8902.100000010803
9595.600000000712
9892.699999996388
9907.69999999617
1569.1999999992206
1586.299999999205
2567.800000000676
2587.8000000007487
3568.900000004318
3586.200000004381
4568.300000007954
4586.50000000802
5566.6000000115855
5587.800000011663
6566.400000015223
6586.700000015297
7567.600000018865
7587.000000018936
8568.700000015655
8587.300000015384
9001.700000009354
9586.10000000085
2903.6000000018976
3901.200000005527
4903.400000009173
5903.700000012812
6903.400000016449
7908.000000020103
8900.800000010822
9905.299999996205
3906.500000005546
8907.700000010722
587.0000000001139
704.0000000000075
721.8999999999912
1587.9999999992035
2586.400000000744
2611.100000000833
2903.9000000018987
3585.200000004377
3838.300000005298
4586.50000000802
4907.700000009188
5586.800000011659
5904.100000012813
6587.000000015298
6907.000000016462
7586.500000018934
7838.500000019851
7906.9000000200995
8586.100000015402
8903.70000001078
9585.900000000853
9611.50000000048
9842.299999997122
9905.899999996196
1720.7999999990827
2722.600000001239
2967.3000000021293
3720.500000004869
4722.100000008513
5726.600000012168
6721.600000015787
6964.500000016671
7721.000000019423
7966.400000020316
8720.800000013442
9721.799999998875
647.9000000000585
698.7000000000123
718.799999999994
729.799999999984
1829.8999999989835
2830.2000000016305
3829.4000000052656
4835.200000008925
5837.10000001257
6026.700000013259
6730.7000000158205
6834.700000016199
7829.800000019819
8828.400000011876
9830.299999997296
771.6999999999459
1743.8999999990615
1773.199999999035
1795.4999999990148
2741.4000000013075
2771.3000000014163
3711.900000004838
3743.0000000049513
3771.700000005056
3798.100000005152
4742.600000008588
4771.500000008693
4794.700000008777
5743.70000001223
5770.700000012328
5787.300000012388
6743.9000000158685
6770.200000015964
6797.600000016064
7743.600000019505
7773.900000019616
7794.700000019691
8743.200000013116
8770.200000012723
8798.200000012315
9743.299999998562
9769.799999998177
9795.399999997804
1766.4999999990412
3889.700000005485
9762.499999998285
1888.59999999893
3887.300000005476
5888.000000012755
9887.69999999646
854.2999999998708
898.099999999831
917.799999999813
1863.399999998953
1895.9999999989236
1915.2999999989056
2864.000000001753
2897.400000001875
2913.300000001933
3896.400000005509
3907.7000000055514
3920.500000005597
4895.600000009144
4908.900000009193
5886.900000012751
5900.3000000128
5914.20000001285
6889.3000000163975
6901.10000001644
6914.70000001649
7888.500000020032
7898.500000020069
7910.800000020114
7921.700000020153
8887.400000011017
8898.000000010863
8915.300000010611
9896.09999999634
9914.999999996064
9925.699999995908
2912.000000001928
3901.90000000553
4900.600000009163
688.2000000000219
615.4000000000881
1591.3999999992004
1608.699999999185
2587.900000000749
2607.0000000008185
3589.500000004393
4588.800000008028
4606.700000008093
5589.90000001167
5609.500000011742
6586.900000015297
6897.900000016429
7587.100000018936
8585.900000015405
8606.500000015105
9587.200000000834
9894.399999996363
744.4999999999707
1713.3999999990897
2716.9000000012184
3711.900000004838
5713.100000012119
6710.400000015747
7710.700000019386
8723.900000013396
9721.49999999888
8910.200000010685
759.7999999999568
1788.699999999021
2731.400000001271
3719.9000000048673
4730.400000008543
4771.400000008693
5768.700000012321
6720.500000015783
8770.40000001272
9768.0999999982
906.6999999998231
2905.900000001906
4903.400000009173
6911.600000016479
7906.100000020097
8902.800000010793
6961.50000001666
1738.3999999990667
2738.1000000012955
3731.5000000049095
3743.300000004952
4739.100000008575
5739.600000012215
6735.600000015838
7733.200000019468
8740.20000001316
9740.199999998607
909.3999999998208
1585.6999999992056
1896.7999999989229
1903.899999998916
2586.3000000007432
2903.500000001897
3585.6000000043787
3901.400000005528
4585.400000008016
4897.20000000915
4903.800000009174
4917.900000009226
5584.800000011652
5901.200000012803
6585.300000015292
6900.800000016439
6918.800000016505
7585.3000000189295
7903.100000020086
8584.600000015424
8896.20000001089
8902.000000010805
9585.100000000864
9895.599999996346
9901.899999996254
1655.3999999991422
2903.3000000018965
4902.900000009171
5901.800000012805
1985.6999999988416
7987.100000020391
8983.40000000962
