172663
172664
172665
172666
172667
172668
172669
172670
172671
172672
172673
172674
172675
172676
172677
172678
172679
172680
172681
172682
172683
172684
172685
172686
172687
172688
172689
172690
172691
172692
172693
172694
172695
172696
172697
172698
172699
172700
172701
172702
172703
172704
172705
172706
172707
172708
172709
172710
172711
172712
172713
172714
172715
172716
172717
172718
172719
172720
172721
172722
172723
172724
172725
172726
172727
172728
172729
172730
172731
172732
172733
172734
172735
172736
172737
172738
172739
172740
172741
172742
172743
172744
172745
172746
172747
172748
172749
172750
172751
172752
172753
172754
172755
172756
172757
172758
172759
172760
172761
172762
172763
172764
172765
172766
172767
172768
172769
172770
172771
172772
172773
172774
172775
172776
172777
172778
172779
172780
172781
172782
172783
172784
172785
172786
172787
172788
172789
172790
172791
172792
172793
172794
172795
172796
172797
172798
172799
172800
172801
172802
172803
172804
172805
172806
172807
172808
172809
172810
172811
172812
172813
172814
172815
172816
172817
172818
172819
172820
172821
172822
172823
172824
172825
172826
172827
172828
172829
172830
172831
172832
172833
172834
172835
172836
172837
172838
172839
172840
172841
172842
172843
172844
172845
172846
172847
172848
172849
172850
172851
172852
172853
172854
172855
172856
172857
172858
172859
172860
172861
172862
172863
172864
172865
172866
172867
172868
172869
172870
172871
172872
172873
172874
172875
172876
172877
172878
172879
172880
172881
172882
172883
172884
172885
172886
172887
172888
172889
172890
172891
172892
172893
172894
172895
172896
172897
172898
172899
172900
172901
172902
172903
172904
172905
172906
172907
172908
172909
172910
172911
172912
172913
172914
172915
172916
172917
172918
172919
172920
172921
172922
172923
172924
172925
172926
172927
172928
172929
172930
172931
172932
172933
172934
172935
172936
172937
172938
172939
172940
172941
172942
172943
172944
172945
172946
172947
172948
172949
172950
172951
172952
172953
172954
172955
172956
172957
172958
172959
172960
172961
172962
172963
172964
172965
172966
172967
172968
172969
172970
172971
172972
172973
172974
172975
172976
172977
172978
172979
172980
172981
172982
172983
172984
172985
172986
172987
172988
172989
172990
172991
172992
172993
172994
172995
172996
172997
172998
172999
173000
173001
173002
173003
173004
173005
173006
173007
173008
173009
173010
173011
173012
173013
173014
173015
173016
173017
173018
173019
173020
173021
173022
173023
173024
173025
173026
173027
173028
173029
173030
173031
173032
173033
173034
173035
173036
173037
173038
173039
173040
173041
173042
173043
173044
173045
173046
173047
173048
173049
173050
173051
173052
173053
173054
173055
173056
173057
173058
173059
173060
173061
173062
173063
173064
173065
173066
173067
173068
173069
173070
173071
173072
173073
173074
173075
173076
173077
173078
173079
173080
173081
173082
173083
173084
173085
173086
173087
173088
173089
173090
173091
173092
173093
173094
173095
173096
173097
173098
173099
173100
173101
173102
173103
173104
173105
173106
173107
173108
173109
173110
173111
173112
173113
173114
173115
173116
173117
173118
173119
173120
173121
173122
173123
173124
173125
173126
173127
173128
173129
173130
173131
173132
173133
173134
173135
173136
173137
173138
173139
173140
173141
173142
173143
173144
173145
173146
173147
173148
173149
173150
173151
173152
173153
173154
173155
173156
173157
173158
173159
173160
173161
173162
173163
173164
173165
173166
173167
173168
173169
173170
173171
173172
173173
173174
173175
173176
173177
173178
173179
173180
173181
173182
173183
173184
173185
173186
173187
173188
173189
173190
173191
173192
173193
173194
173195
173196
173197
173198
173199
173200
173201
173202
173203
173204
173205
173206
173207
173208
173209
173210
173211
173212
173213
173214
173215
173216
173217
173218
173219
173220
173221
173222
173223
173224
173225
173226
173227
173228
173229
173230
173231
173232
173233
173234
173235
173236
173237
173238
173239
173240
173241
173242
173243
173244
173245
173246
173247
173248
173249
173250
173251
173252
173253
173254
173255
173256
173257
173258
173259
173260
173261
173262
173263
173264
173265
173266
173267
173268
173269
173270
173271
173272
173273
173274
173275
173276
173277
173278
173279
173280
173281
173282
173283
173284
173285
173286
173287
173288
173289
173290
173291
173292
173293
173294
173295
173296
173297
173298
173299
173300
173301
173302
173303
173304
173305
173306
173307
173308
173309
173310
173311
173312
173313
173314
173315
173316
173317
173318
173319
173320
173321
173322
173323
173324
173325
173326
173327
173328
173329
173330
173331
173332
173333
173334
173335
173336
173337
173338
173339
173340
173341
173342
173343
173344
173345
173346
173347
173348
173349
173350
173351
173352
173353
173354
173355
173356
173357
173358
173359
173360
173361
173362
173363
173364
173365
173366
173367
173368
173369
173370
173371
173372
173373
173374
173375
173376
173377
173378
173379
173380
173381
173382
173383
173384
173385
173386
173387
173388
173389
173390
173391
173392
173393
173394
173395
173396
173397
173398
173399
173400
173401
173402
173403
173404
173405
173406
173407
173408
173409
173410
173411
173412
173413
173414
173415
173416
173417
173418
173419
173420
173421
173422
173423
173424
173425
173426
173427
173428
173429
173430
173431
173432
173433
173434
173435
173436
173437
173438
173439
173440
173441
173442
173443
173444
173445
173446
173447
173448
173449
173450
173451
173452
173453
173454
173455
173456
173457
173458
173459
173460
173461
173462
173463
173464
173465
173466
173467
173468
173469
173470
173471
173472
173473
173474
173475
173476
173477
173478
173479
173480
173481
173482
173483
173484
173485
173486
173487
173488
173489
173490
173491
173492
173493
173494
173495
173496
173497
173498
173499
173500
173501
173502
173503
173504
173505
173506
173507
173508
173509
173510
173511
173512
173513
173514
173515
173516
173517
173518
173519
173520
173521
173522
173523
173524
173525
173526
173527
173528
173529
173530
173531
173532
173533
173534
173535
173536
173537
173538
173539
173540
173541
173542
173543
173544
173545
173546
173547
173548
173549
173550
173551
173552
173553
173554
173555
173556
173557
173558
173559
173560
173561
173562
173563
173564
173565
173566
173567
173568
173569
173570
173571
173572
173573
173574
173575
173576
173577
173578
173579
173580
173581
173582
173583
173584
173585
173586
173587
173588
173589
173590
173591
173592
173593
173594
173595
173596
173597
173598
173599
173600
173601
173602
173603
173604
173605
173606
173607
173608
173609
173610
173611
173612
173613
173614
173615
173616
173617
173618
173619
173620
173621
173622
173623
173624
173625
173626
173627
173628
173629
173630
173631
173632
173633
173634
173635
173636
173637
173638
173639
173640
173641
173642
173643
173644
173645
173646
173647
173648
173649
173650
173651
173652
173653
173654
173655
173656
173657
173658
173659
173660
173661
173662
173663
173664
173665
173666
173667
173668
173669
173670
173671
173672
173673
173674
173675
173676
173677
173678
173679
173680
173681
173682
173683
173684
173685
173686
173687
173688
173689
173690
173691
173692
173693
173694
173695
173696
173697
173698
173699
173700
173701
173702
173703
173704
173705
173706
173707
173708
173709
173710
173711
173712
173713
173714
173715
173716
173717
173718
173719
173720
173721
