6287.700000014209
9780.299999998024
1785.6999999990237
5191.900000010222
5354.4000000108135
6283.000000014192
8615.500000014974
9673.199999999582
9772.799999998131
8644.700000014549
2971.0000000021428
7979.600000020364
8619.20000001492
9684.499999999418
9785.499999997948
1491.1999999992915
5172.00000001015
6280.600000014183
6922.600000016519
8623.600000014856
9665.999999999687
9789.599999997889
1485.4999999992967
2065.599999998849
2379.8999999999924
2969.5000000021373
4311.300000007019
5014.100000009576
5168.700000010138
5337.700000010753
6275.700000014165
6919.900000016509
7444.500000018417
7976.900000020354
8178.000000021086
8611.500000015032
8905.200000010758
9656.89999999982
9781.799999998002
1486.6999999992956
2059.0999999988253
2380.799999999996
3206.900000003001
5038.000000009663
5168.700000010138
5339.100000010758
6276.500000014168
6878.600000016359
8175.700000021077
8613.300000015006
9664.299999999712
9766.399999998226
1487.8999999992946
2070.0999999988653
2384.100000000008
5169.800000010142
5340.700000010764
6278.300000014175
6917.000000016498
7454.000000018452
8184.60000002111
8616.50000001496
9668.299999999654
9784.59999999796
204.60000000011223
1485.5999999992966
2067.8999999988573
2380.099999999993
2969.6000000021377
3209.900000003012
4309.800000007013
5040.200000009671
5171.90000001015
5338.000000010754
6276.400000014168
6922.3000000165175
7284.300000017834
7444.900000018419
7977.200000020355
8610.700000015044
9658.2999999998
9774.299999998111
9777.599999998063
619.8000000000841
6923.500000016522
8624.00000001485
642.8000000000632
5174.500000010159
6288.800000014213
1491.3999999992914
2382.500000000002
2970.800000002142
5185.500000010199
5340.800000010764
6280.100000014181
6881.70000001637
7986.70000002039
8613.800000014999
9765.099999998243
5195.8000000102365
5341.400000010766
6281.0000000141845
6921.100000016513
8623.600000014856
187.2000000001083
439.2000000001656
628.2000000000764
739.5999999999751
1051.0999999996918
1387.299999999386
1481.6999999993002
1690.4999999991103
1849.2999999989656
2045.7999999987871
2376.799999999981
2730.2000000012667
2970.30000000214
3039.1000000023905
3191.7000000029457
3706.2000000048174
3847.10000000533
4080.200000006178
4294.2000000069565
5033.100000009645
5156.600000010094
5332.500000010734
5459.600000011196
6160.500000013746
6271.300000014149
6404.100000014632
6706.900000015734
6871.400000016332
6919.500000016507
7263.100000017757
7438.300000018395
7701.600000019353
7983.200000020377
8163.700000021034
8602.300000015166
8686.300000013944
8770.300000012721
8897.900000010864
9093.900000008012
9647.89999999995
9754.799999998397
9889.699999996432
190.300000000109
441.7000000001661
662.4000000000453
875.4999999998515
1391.899999999382
1481.8999999993
1684.4999999991155
1862.399999998954
2040.399999998792
2377.299999999983
2964.9000000021206
3037.4000000023843
3192.5000000029486
3706.300000004818
3853.6000000053536
3997.200000005876
4295.20000000696
4507.800000007734
4969.900000009415
5036.300000009656
5158.700000010102
5333.700000010738
5474.200000011249
5969.400000013051
6167.300000013771
6272.2000000141525
6406.400000014641
6769.10000001596
6877.100000016353
6977.0000000167165
7265.200000017765
7439.200000018398
7725.900000019441
7966.700000020317
8166.000000021042
8601.40000001518
8680.800000014024
8782.000000012551
8899.400000010843
9096.10000000798
9646.099999999977
9756.699999998367
9895.29999999635
9978.599999995138
620.7000000000833
6291.500000014223
8616.600000014958
9673.599999999577
9786.999999997926
2390.9000000000324
5197.300000010242
6282.40000001419
6922.600000016519
8615.10000001498
1487.9999999992945
1769.999999999038
1847.299999998968
2071.2999999988697
2384.200000000008
2832.9000000016404
3840.900000005307
4312.500000007023
5166.200000010129
5337.300000010751
5777.900000012354
6277.10000001417
6767.500000015954
6873.200000016339
7449.200000018434
8177.500000021084
8612.800000015013
8767.60000001276
8900.500000010827
9762.899999998275
9839.299999997163
191.50000000010928
648.2000000000583
744.9999999999702
1474.7999999993065
1612.0999999991816
1695.9999999991053
1848.5999999989665
2057.9999999988213
2378.7999999999884
2672.1000000010554
2968.5000000021337
3040.000000002394
3194.500000002956
3710.200000004832
3849.5000000053383
4082.700000006187
4296.700000006966
5036.300000009656
5159.5000000101045
5334.20000001074
5471.70000001124
6161.900000013751
6273.000000014155
6405.800000014639
6771.500000015969
6872.600000016337
7264.100000017761
7440.900000018404
7755.100000019547
7974.000000020344
8167.000000021046
8602.00000001517
8675.200000014105
8798.400000012312
8901.800000010808
9109.600000007784
9649.199999999932
9755.89999999838
1485.9999999992965
1690.5999999991102
2069.199999998862
2380.799999999996
2968.5000000021337
4313.800000007028
4994.500000009504
5171.90000001015
5338.100000010754
6277.500000014172
6897.400000016427
7446.300000018424
7976.900000020354
8181.600000021099
8610.500000015047
8702.600000013706
9649.499999999927
9768.299999998198
1486.199999999296
1776.2999999990325
2068.9999999988613
2392.0000000000364
2982.600000002185
4316.500000007038
5042.000000009677
5176.800000010167
6276.500000014168
6769.400000015961
6921.700000016515
7981.800000020372
8622.60000001487
8772.300000012692
9661.099999999758
9762.299999998286
6925.70000001653
2971.300000002144
4989.600000009486
7975.80000002035
1485.9999999992965
1771.099999999037
2069.5999999988635
2378.399999999987
3199.1000000029726
3713.7000000048447
3871.70000000542
4306.500000007001
5038.500000009664
5168.000000010135
5336.8000000107495
6274.000000014159
6415.000000014672
6769.10000001596
6888.300000016394
7442.300000018409
7705.700000019367
8173.70000002107
8611.400000015034
8775.300000012649
8906.900000010733
9664.299999999712
9759.89999999832
9896.999999996326
1488.8999999992936
5188.200000010209
6281.700000014187
8645.900000014532
9683.299999999435
668.7000000000396
1486.9999999992954
1613.79999999918
2077.399999998892
2384.80000000001
4313.300000007026
5166.800000010131
5338.700000010756
6277.200000014171
6632.000000015461
6882.100000016371
7453.50000001845
7992.30000002041
8175.500000021077
8601.500000015178
9649.29999999993
9764.999999998246
626.4000000000781
8624.900000014837
617.9000000000858
8653.60000001442
191.70000000010933
619.0000000000848
737.2999999999772
1485.099999999297
1689.2999999991114
1859.2999999989568
2038.8999999987932
2380.399999999994
2726.8000000012544
2980.0000000021755
3204.100000002991
3716.500000004855
3850.800000005344
4315.800000007035
5032.700000009643
5165.900000010128
5337.700000010753
5496.700000011331
6024.0000000132495
6276.100000014167
6409.900000014653
6717.400000015772
6873.900000016341
7443.300000018413
7724.600000019436
8172.000000021064
8600.400000015194
8683.80000001398
8905.200000010758
9656.89999999982
9756.299999998371
665.3000000000427
2674.0000000010623
2970.7000000021417
6282.800000014191
7977.500000020356
8638.800000014635
9659.199999999786
641.0000000000648
1487.1999999992952
2083.5999999989144
2969.8000000021384
5168.900000010139
6278.700000014176
6886.800000016388
7974.700000020346
8602.800000015159
9662.499999999738
9771.199999998156
1486.8999999992957
1777.0999999990315
2073.099999998876
2847.2000000016924
3844.100000005319
4303.800000006992
5168.700000010138
5338.500000010756
6277.10000001417
6773.600000015977
6878.700000016359
8179.600000021092
8623.000000014865
8779.30000001259
8900.000000010834
9666.49999999968
9771.899999998146
9894.69999999636
2971.5000000021446
7976.400000020352
9673.99999999957
2971.0000000021428
7978.40000002036
194.70000000011
622.3000000000818
736.499999999978
1248.899999999512
1485.4999999992967
1689.2999999991114
1850.299999998965
2048.999999998789
2378.599999999988
2968.600000002134
3039.400000002392
3194.600000002956
3720.900000004871
3855.8000000053617
4084.7000000061935
4298.100000006971
5034.400000009649
5160.000000010106
5336.400000010748
5481.300000011275
6027.00000001326
6172.50000001379
6273.700000014158
6408.600000014649
6777.000000015989
6875.3000000163465
7262.200000017754
7440.100000018401
7984.500000020382
8167.300000021047
8604.600000015133
8687.400000013928
8899.60000001084
9104.800000007854
9651.3999999999
9755.699999998382
9894.799999996358
8621.800000014882
619.900000000084
192.60000000010956
616.1000000000874
1486.299999999296
2035.899999998796
2379.499999999991
2842.8000000016764
2974.0000000021537
3844.600000005321
4306.900000007003
5033.100000009645
5163.300000010118
5338.400000010755
6022.600000013244
6275.600000014165
6866.600000016315
7283.800000017833
7444.100000018416
8169.900000021056
8602.800000015159
9658.1999999998
9767.49999999821
199.20000000011103
1483.8999999992982
1782.1999999990269
2060.1999999988293
2378.199999999986
2977.100000002165
3197.600000002967
3849.2000000053376
4088.6000000062086
4298.800000006973
5036.400000009657
5163.70000001012
5335.600000010745
5492.800000011317
6273.700000014158
6406.500000014641
6774.000000015978
6886.500000016387
7273.100000017794
7442.300000018409
8168.20000002105
8603.300000015151
8727.900000013338
8903.100000010789
9660.099999999771
9755.299999998388
637.3000000000682
1494.4999999992883
5342.600000010771
6281.800000014187
8613.400000015004
9662.799999999734
9776.699999998076
2972.400000002148
8614.300000014991
2840.500000001668
9844.699999997089
1487.499999999295
2387.1000000000186
3851.7000000053463
5172.200000010151
5339.300000010759
6279.9000000141805
6797.100000016062
6925.200000016528
7454.000000018452
7802.50000001972
8603.600000015147
8808.700000012162
9660.29999999977
9763.499999998268
1490.8999999992918
1845.0999999989697
2825.8000000016145
3831.000000005272
5174.9000000101605
5340.300000010762
5829.900000012543
6281.700000014187
6841.100000016222
7825.600000019804
8615.400000014975
8904.200000010773
9665.499999999694
9784.59999999796
1773.399999999035
6776.500000015987
8769.600000012731
9767.099999998216
193.0000000001096
888.8999999998393
1482.2999999992996
1775.399999999033
2066.8999999988537
2378.399999999987
2967.3000000021293
3193.0000000029504
3853.200000005352
4296.600000006965
4984.300000009467
5163.80000001012
5336.000000010747
5508.000000011372
6273.000000014155
6413.300000014666
6799.000000016069
6878.600000016359
7268.100000017775
7441.700000018407
7970.900000020332
8177.800000021085
8603.200000015153
8771.10000001271
8899.500000010841
9658.89999999979
9765.699999998236
9896.399999996334
8624.300000014846
1769.1999999990387
3769.800000005049
4782.200000008732
5770.400000012327
6766.900000015952
7775.300000019621
8767.800000012758
9762.79999999828
638.3000000000673
1605.199999999188
1845.899999998969
2601.8000000008
2835.2000000016487
3841.300000005309
5345.900000010783
5605.800000011728
6283.300000014193
6608.600000015376
6843.600000016231
7621.900000019063
7840.600000019858
8601.30000001518
9646.299999999974
9789.199999997894
2969.0000000021355
4991.800000009494
7973.10000002034
2972.6000000021486
7976.100000020351
9773.099999998129
2971.100000002143
6289.700000014216
9660.29999999977
611.9000000000913
8628.600000014783
198.2000000001108
632.1000000000729
1485.6999999992966
1603.999999999189
1686.8999999991136
1853.0999999989624
2062.7999999988388
2379.099999999989
2611.300000000834
2676.0000000010696
2972.0000000021464
3044.700000002411
3706.7000000048192
3858.2000000053695
4085.300000006197
4305.900000006999
5035.000000009652
5168.000000010135
5335.200000010744
5501.90000001135
5605.9000000117285
6273.800000014158
6406.700000014642
6611.4000000153865
6876.800000016352
7272.800000017793
7442.300000018409
7650.500000019167
7981.30000002037
8176.700000021081
8600.500000015192
8621.500000014887
8684.700000013967
8902.000000010805
9636.700000000114
9762.299999998286
627.5000000000771
9788.299999997907
8612.600000015016
9662.699999999735
9784.69999999796
1772.8999999990351
3778.40000000508
4790.500000008762
6769.800000015963
8768.800000012743
9772.799999998131
8617.20000001495
9784.69999999796
1493.4999999992897
1774.1999999990342
3782.200000005094
5189.2000000102125
5775.100000012344
6768.1000000159565
8621.200000014891
8773.900000012669
9767.799999998206
612.200000000091
1850.3999999989649
2034.999999998797
2581.7000000007265
3037.200000002384
3576.5000000043456
3851.500000005346
4578.30000000799
5033.200000009645
5346.200000010784
5571.400000011603
6023.600000013248
6284.3000000141965
6575.400000015256
6878.800000016359
8575.800000015552
9578.200000000965
675.7000000000332
1781.8999999990272
2971.900000002146
4990.400000009489
7975.300000020348
8630.400000014757
8781.700000012555
9771.499999998152
8613.400000015004
9766.699999998222
8622.300000014875
198.30000000011083
1485.199999999297
1698.499999999103
1847.299999998968
2068.1999999988584
2378.699999999988
2731.400000001271
2845.300000001685
3206.900000003001
3717.7000000048592
3848.500000005335
4307.100000007004
5037.700000009661
5165.0000000101245
5336.300000010748
6274.20000001416
6407.600000014645
6843.900000016232
7274.500000017799
7443.700000018414
7753.300000019541
8171.600000021062
8606.10000001511
8688.400000013913
8908.900000010704
9651.2999999999
9762.199999998287
625.3000000000791
2678.80000000108
5353.100000010809
6285.3000000142
8610.500000015047
9673.699999999577
9783.39999999798
3855.700000005361
5579.900000011634
3861.000000005381
6877.300000016354
8625.40000001483
9784.099999997969
8779.30000001259
9778.49999999805
639.3000000000663
8633.700000014709
2975.9000000021606
5346.7000000107855
6284.400000014197
8613.100000015009
9657.999999999804
9766.79999999822
1689.4999999991112
2673.600000001061
5196.300000010238
5347.200000010787
6291.100000014221
6890.600000016402
8612.500000015018
8688.000000013919
9659.499999999782
9768.699999998193
2967.6000000021304
4982.600000009461
5977.30000001308
7968.300000020323
9673.39999999958
870.7999999998558
2970.000000002139
4983.100000009463
7974.700000020346
2972.400000002148
7977.100000020355
8635.600000014681
9780.099999998029
1486.8999999992957
2069.8999999988646
2380.899999999996
4323.400000007063
5040.10000000967
5175.100000010161
5339.400000010759
6277.900000014173
6918.700000016504
7446.100000018423
7996.200000020424
8611.400000015034
8908.600000010709
9665.399999999696
9772.199999998142
616.4000000000872
1857.2999999989584
2065.299999998848
3042.200000002402
3849.000000005337
5032.000000009641
5183.00000001019
6028.200000013265
6281.400000014186
6869.600000016326
8594.600000015278
9663.69999999972
9772.699999998134
611.2000000000919
740.1999999999746
1487.499999999295
2068.2999999988588
2380.399999999994
2976.600000002163
3850.100000005341
4316.800000007039
5038.300000009664
5192.000000010223
5339.500000010759
6275.800000014166
6878.800000016359
7276.200000017805
7447.500000018428
8607.50000001509
9670.59999999962
9759.99999999832
7976.400000020352
8625.900000014823
213.20000000011424
612.3000000000909
734.4999999999798
1485.6999999992966
1683.2999999991168
1773.9999999990343
2063.999999998843
2378.8999999999887
2720.10000000123
2971.300000002144
3702.7000000048047
3851.100000005345
4301.200000006982
5035.300000009653
5166.700000010131
5336.400000010748
5500.000000011343
5779.800000012361
6273.500000014157
6409.700000014653
6697.7000000157
6771.100000015967
6919.100000016506
7267.500000017773
7441.600000018407
7709.300000019381
7987.800000020394
8172.300000021065
8610.700000015044
8681.400000014015
8770.700000012715
9655.899999999834
9756.099999998376
2597.500000000784
4580.100000007997
5577.100000011624
8577.500000015527
9583.200000000892
2074.899999998883
2829.500000001628
3842.400000005313
5185.600000010199
5837.500000012571
6282.200000014189
6843.700000016232
7834.600000019836
8612.800000015013
8900.800000010822
9768.499999998196
1766.9999999990407
2729.400000001264
3766.1000000050353
4776.10000000871
5768.800000012321
6708.50000001574
6766.20000001595
7706.50000001937
8623.400000014859
8764.20000001281
9759.19999999833
1486.5999999992955
1768.1999999990396
2067.6999999988566
2381.699999999999
3850.900000005344
4305.900000006999
5043.800000009684
5168.3000000101365
5343.900000010775
5778.100000012355
6276.100000014167
6766.600000015951
6878.800000016359
7289.000000017852
8172.500000021066
8612.500000015018
8765.60000001279
8902.600000010796
9663.69999999972
9759.399999998328
189.0000000001087
608.2000000000946
741.0999999999738
1043.4999999996987
1482.6999999992993
1612.799999999181
1845.899999998969
2034.2999999987976
2378.4999999999877
2852.2000000017106
2969.400000002137
3035.600000002378
3199.1000000029726
3591.800000004401
3845.700000005325
4031.600000006001
4301.900000006985
4591.90000000804
5029.400000009631
5161.300000010111
5335.800000010746
5486.100000011293
5573.2000000116095
6020.600000013237
6174.800000013798
6274.20000001416
6406.400000014641
6788.600000016031
6871.500000016333
6925.200000016528
7270.000000017782
7442.50000001841
7979.600000020364
8167.500000021047
8577.200000015531
8625.40000001483
8902.800000010793
9077.500000008253
9581.100000000924
9658.89999999979
9758.199999998344
1489.0999999992937
2073.299999998877
2973.600000002152
5038.200000009663
5196.000000010237
6279.100000014178
6920.1000000165095
8614.700000014986
8904.200000010773
9689.299999999348
9781.599999998003
2969.400000002137
676.9000000000322
1488.0999999992944
2073.099999998876
2383.000000000004
2972.8000000021493
3723.50000000488
5042.200000009678
5175.700000010163
5339.70000001076
5786.600000012386
6279.70000001418
6769.400000015961
7446.800000018426
7979.900000020365
8191.4000000211345
8613.400000015004
8801.400000012269
9663.69999999972
9761.499999998296
9775.899999998088
672.8000000000359
1496.299999999287
1782.3999999990267
5189.500000010214
5348.700000010793
6282.700000014191
6774.100000015978
8617.20000001495
8784.400000012516
9678.499999999503
9768.299999998198
677.3000000000318
1615.1999999991788
5342.100000010769
5609.900000011743
6618.200000015411
8603.40000001515
9661.799999999748
9783.199999997982
1849.099999998966
2845.700000001687
5348.200000010791
6291.300000014222
6868.500000016322
9785.299999997953
621.6000000000824
6283.300000014193
8653.200000014425
9677.299999999525
9780.799999998017
193.8000000001098
642.6000000000633
742.5999999999724
1487.9999999992945
1846.199999998969
2056.699999998817
2380.4999999999945
2851.7000000017088
3038.8000000023894
3844.900000005322
4860.100000009015
5036.400000009657
5191.900000010222
5338.200000010755
6030.900000013275
6277.900000014173
6869.100000016324
7445.30000001842
8590.100000015344
8905.400000010755
9660.799999999765
9762.69999999828
9775.69999999809
1487.399999999295
2968.8000000021348
4992.000000009495
6283.300000014193
7972.000000020336
8620.500000014901
9678.499999999503
2968.600000002134
4973.300000009427
5971.90000001306
7968.400000020323
9978.999999995132
617.5000000000862
1491.9999999992908
1772.099999999036
2077.7999999988933
2381.299999999997
4314.30000000703
5176.400000010166
5338.900000010757
5778.400000012356
6280.600000014183
6768.1000000159565
6923.10000001652
8183.100000021104
8611.400000015034
8770.600000012717
9662.699999999735
9764.599999998252
8634.900000014692
188.1000000001085
743.5999999999715
875.6999999998513
1050.2999999996923
1387.8999999993855
1483.6999999992984
1765.499999999042
1845.799999998969
2047.099999998786
2377.099999999982
2732.800000001276
2841.900000001673
2972.500000002148
3193.0000000029504
3722.600000004877
3843.000000005315
3919.5000000055934
4083.6000000061904
4296.100000006964
5033.300000009645
5157.900000010099
5332.700000010735
5470.100000011234
5773.200000012337
6161.400000013749
6271.800000014151
6404.7000000146345
6763.300000015939
6843.900000016232
6918.500000016504
7263.400000017758
7439.300000018398
7758.900000019561
7982.600000020375
8163.700000021034
8602.800000015159
8763.300000012823
8896.10000001089
9094.800000008
9638.800000000085
9753.999999998408
9861.899999996836
1491.1999999992915
2967.000000002128
4981.100000009456
5189.500000010214
5973.400000013065
6280.900000014184
7968.500000020324
8623.700000014855
8911.000000010674
9669.499999999636
5345.400000010781
6282.200000014189
6933.800000016559
8614.000000014996
9793.499999997832
185.50000000010792
449.1000000001678
614.5000000000889
738.9999999999757
1387.8999999993855
1483.2999999992987
1614.1999999991797
1775.8999999990326
1863.299999998953
2046.6999999987863
2377.499999999984
2970.500000002141
3036.800000002382
3192.7000000029493
3725.100000004886
3847.900000005333
4080.70000000618
4295.800000006962
5032.100000009641
5158.700000010102
5333.5000000107375
5473.500000011247
6025.000000013253
6163.200000013756
6272.300000014153
6404.500000014634
6779.600000015998
6873.300000016339
6927.900000016538
7263.600000017759
7439.7000000184
7802.000000019718
7984.200000020381
8167.300000021047
8601.40000001518
8772.000000012697
8899.200000010846
9093.40000000802
9648.999999999936
9755.79999999838
9893.99999999637
1842.799999998972
2831.9000000016367
3839.900000005304
5194.500000010232
5839.500000012578
6284.3000000141965
6841.500000016224
7844.500000019872
8605.100000015125
9774.099999998114
9840.199999997152
627.9000000000767
1489.2999999992933
1614.999999999179
1849.099999998966
2070.4999999988668
2380.799999999996
2832.500000001639
3844.500000005321
4311.000000007018
4837.500000008933
5044.100000009685
5172.300000010151
5338.500000010756
5619.900000011779
5839.400000012578
6280.200000014182
6622.200000015426
6868.900000016323
8174.800000021074
8602.300000015166
8898.600000010854
9644.6
9767.999999998205
9897.699999996315
209.80000000011344
671.7000000000369
1484.3999999992975
1691.1999999991097
2072.5999999988744
2380.6999999999957
2969.700000002138
3210.3000000030133
4300.60000000698
4987.600000009479
5162.900000010117
5338.700000010756
6169.500000013779
6274.500000014161
6877.900000016356
7274.000000017797
7450.200000018438
7976.000000020351
8169.800000021056
8610.400000015048
8685.600000013954
9651.599999999897
9767.899999998204
668.1000000000402
1484.099999999298
2070.0999999988653
2379.699999999992
2969.5000000021373
4314.800000007032
5040.10000000967
5178.100000010172
5335.900000010746
6276.700000014169
7443.900000018415
7971.600000020335
8618.100000014936
9661.199999999755
9766.89999999822
9796.499999997788
1492.0999999992907
2070.9999999988686
2386.400000000016
5041.500000009675
5195.000000010234
5342.000000010768
6281.700000014187
6880.300000016365
7458.800000018469
8612.800000015013
9785.799999997944
1477.8999999993036
2067.499999998856
2380.6999999999957
2968.4000000021333
4309.200000007011
5039.000000009666
5167.500000010134
5339.100000010758
5486.700000011295
6274.4000000141605
6880.700000016366
7444.200000018416
7976.600000020353
8174.200000021072
8615.900000014968
9659.899999999776
6291.100000014221
8617.900000014939
2836.3000000016527
3845.500000005324
5839.600000012579
7839.600000019855
8623.500000014858
9791.899999997857
9774.299999998111
629.9000000000749
2069.999999998865
2388.000000000022
3848.700000005336
6280.600000014183
6843.700000016232
8617.500000014945
9662.199999999742
9842.39999999712
8636.40000001467
9682.399999999448
192.0000000001094
621.8000000000823
1394.1999999993798
1483.7999999992985
1847.6999999989675
2064.9999999988468
2378.4999999999877
2833.7000000016437
2971.8000000021457
3042.000000002401
3197.7000000029675
3851.300000005345
4295.10000000696
5035.200000009652
5158.800000010102
5334.800000010742
5490.400000011308
6162.600000013754
6272.500000014154
6411.70000001466
6869.600000016326
6920.20000001651
7264.400000017762
7439.7000000184
8165.50000002104
8587.800000015377
8898.400000010857
9108.300000007805
9652.199999999888
9765.099999998243
9893.099999996382
8627.600000014798
9780.59999999802
2974.100000002154
4315.900000007036
5169.100000010139
6279.000000014177
6886.900000016389
7984.500000020382
8691.500000013868
9660.99999999976
9770.099999998172
206.30000000011265
1484.4999999992976
1847.399999998968
2067.599999998856
2379.9999999999927
2843.000000001677
3042.300000002402
3842.6000000053136
4305.400000006997
5035.300000009653
5166.300000010129
5337.700000010753
6274.4000000141605
6417.600000014681
6856.800000016279
7271.700000017789
7442.50000001841
8171.800000021063
8579.4000000155
8702.800000013704
8904.300000010771
9585.700000000856
9662.39999999974
9763.199999998273
191.50000000010928
657.8000000000495
1390.0999999993835
1472.099999999309
2052.5999999988016
2378.099999999986
2968.4000000021333
3192.90000000295
4083.4000000061897
4301.100000006982
4989.300000009485
5160.100000010107
5334.800000010742
5463.800000011212
6161.100000013748
6273.200000014156
6776.100000015986
6920.800000016512
7267.100000017772
7441.400000018406
7974.200000020344
8172.500000021066
8603.300000015151
8682.000000014006
9091.90000000804
9646.399999999972
9766.09999999823
1491.5999999992912
2066.8999999988537
2382.400000000001
5038.400000009664
5168.800000010138
6278.000000014174
6925.300000016528
8612.900000015012
9648.999999999936
1842.999999998972
2831.9000000016367
3839.100000005301
4843.700000008956
5837.000000012569
6840.60000001622
8613.700000015
9675.299999999552
9785.799999997944
1488.8999999992936
1839.0999999989751
2829.400000001628
3837.400000005295
4835.400000008925
5192.5000000102245
5836.200000012566
6279.300000014178
6837.600000016209
7834.900000019837
8606.20000001511
8903.600000010782
9659.499999999782
9781.399999998008
9834.09999999724
198.90000000011096
1486.299999999296
2068.4999999988595
3847.3000000053303
5164.200000010122
5486.800000011295
6276.500000014168
6877.400000016354
8189.2000000211265
8603.300000015151
8902.800000010793
9654.79999999985
9784.59999999796
671.9000000000367
1487.7999999992946
1685.399999999115
2970.4000000021406
5175.500000010163
6278.900000014177
7975.9000000203505
8614.900000014983
8681.200000014018
9657.399999999812
9782.099999997998
197.8000000001107
622.3000000000818
1484.199999999298
1607.199999999186
1846.3999999989685
2055.7999999988133
2378.099999999986
2619.7000000008647
2970.1000000021395
3043.7000000024077
3204.200000002991
3845.9000000053256
4093.400000006226
4312.400000007023
5034.50000000965
5164.400000010122
5333.300000010737
5497.300000011333
5612.300000011752
6173.300000013793
6273.800000014158
6408.700000014649
6625.500000015438
6867.800000016319
6927.200000016535
7443.500000018414
7630.100000019092
7983.100000020377
8167.600000021048
8599.900000015201
8697.400000013782
8899.400000010843
9636.30000000012
9758.399999998344
9893.099999996382
9775.69999999809
1840.299999998974
2831.3000000016345
3838.9000000053
5846.500000012604
6838.600000016213
7838.500000019851
9833.399999997251
8621.400000014888
200.0000000001112
662.0000000000457
1478.2999999993033
2068.099999998858
2379.19999999999
2966.900000002128
3872.700000005423
4300.000000006978
4974.800000009433
5160.200000010107
5337.500000010752
5488.0000000113
6169.80000001378
6274.800000014162
6879.7000000163625
6982.400000016736
7272.00000001779
7443.700000018414
7968.600000020324
8169.200000021054
8611.60000001503
8683.600000013983
8902.500000010798
9648.69999999994
9759.89999999832
9981.699999995091
8630.20000001476
9685.299999999406
9771.299999998157
9787.699999997916
8782.000000012551
8630.400000014757
9787.599999997918
184.1000000001076
619.6000000000843
742.8999999999721
838.699999999885
1388.5999999993849
1484.4999999992976
1844.2999999989704
2038.299999998794
2377.3999999999837
2599.700000000792
2733.300000001278
2834.200000001645
2974.300000002155
3042.4000000024025
3194.300000002955
3841.400000005309
4080.70000000618
4295.600000006962
4591.100000008037
4846.500000008966
5033.100000009645
5161.7000000101125
5334.6000000107415
5577.900000011627
6164.30000001376
6272.400000014153
6405.900000014639
6786.400000016023
6865.900000016312
6927.700000016537
7266.300000017769
7438.900000018397
7755.000000019547
7855.500000019912
8167.700000021048
8578.200000015517
8684.600000013968
8811.400000012123
8898.500000010856
9092.800000008028
9584.600000000872
9658.89999999979
9765.799999998237
9849.699999997014
9782.59999999799
9676.899999999529
645.0000000000612
9783.799999997971
6284.000000014195
1486.199999999296
2965.5000000021228
4987.600000009479
5189.600000010214
5973.400000013065
6283.400000014193
7966.200000020315
8621.200000014891
9663.69999999972
656.5000000000507
873.2999999998535
1486.0999999992962
1846.4999999989684
2383.500000000005
2850.900000001706
3847.500000005332
5037.100000009659
5169.100000010139
5340.1000000107615
6277.7000000141725
6850.100000016255
6921.400000016514
7444.200000018416
8179.000000021089
8611.900000015026
8903.400000010784
9664.799999999705
9778.899999998044
195.6000000001102
612.9000000000904
1479.8999999993018
1688.599999999112
2041.7999999987908
2378.399999999987
2727.800000001258
2969.9000000021388
3193.3000000029515
3852.000000005348
4296.700000006966
5031.500000009639
5163.100000010118
5336.200000010747
5498.600000011338
6025.200000013254
6272.900000014155
6709.0000000157415
6873.700000016341
7265.600000017766
7441.100000018405
7717.100000019409
7980.000000020365
8170.400000021058
8608.20000001508
8901.70000001081
9102.30000000789
9648.199999999946
9759.699999998324
196.5000000001104
614.2000000000892
854.5999999998705
1486.4999999992958
1613.5999999991802
1843.999999998971
2066.5999999988526
2379.499999999991
2829.1000000016265
3201.3000000029806
3841.000000005308
4303.50000000699
4837.600000008933
5039.300000009667
5166.300000010129
5336.400000010748
5612.700000011753
5836.700000012568
6275.000000014163
6415.100000014672
6634.30000001547
6841.500000016224
6921.600000016515
7284.100000017834
7446.000000018423
7837.100000019845
8172.600000021066
8601.40000001518
8901.900000010806
9640.700000000055
9761.3999999983
9834.699999997232
674.7000000000342
1484.099999999298
1683.8999999991163
2678.4000000010783
2971.8000000021457
3689.900000004758
5170.400000010144
5488.600000011302
5680.900000012001
6279.300000014178
6690.3000000156735
7701.800000019353
7982.700000020375
8616.900000014954
8682.600000013997
9663.09999999973
9781.899999998
6283.2000000141925
8622.100000014878
6283.300000014193
6890.500000016402
8610.600000015045
9666.099999999686
1841.099999998973
2830.4000000016317
3838.9000000053
4837.000000008931
5838.300000012574
6840.1000000162185
9832.69999999726
624.9000000000794
5201.000000010256
6291.300000014222
8621.000000014894
9669.699999999631
623.1000000000811
1483.8999999992982
2075.199999998884
2379.099999999989
2967.800000002131
4308.000000007007
5037.40000000966
5180.100000010179
6275.000000014163
6890.900000016403
7970.20000002033
8604.400000015135
8690.100000013888
8901.800000010808
9650.199999999915
9797.399999997777
624.7000000000796
1488.1999999992945
1841.9999999989725
2082.599999998911
2830.300000001631
3833.8000000052816
4839.30000000894
5172.300000010151
5618.600000011775
5840.400000012582
6280.000000014181
6839.800000016217
7825.200000019802
8603.900000015143
9687.899999999368
9782.099999997998
9839.999999997155
1490.1999999992925
2396.900000000054
5191.600000010221
5343.4000000107735
6280.800000014184
6884.300000016379
8615.900000014968
6284.000000014195
8618.200000014935
9667.79999999966
8636.700000014665
1488.8999999992936
2979.000000002172
6285.3000000142
8605.50000001512
9663.299999999726
1487.8999999992946
1691.6999999991092
1778.2999999990304
2380.4999999999945
3719.4000000048654
4328.300000007081
5168.800000010138
5337.700000010753
6277.900000014173
6769.300000015961
6883.200000016375
7451.7000000184435
7719.200000019417
8178.300000021087
8616.900000014954
8771.500000012704
8905.80000001075
9658.499999999796
9766.299999998228
193.3000000001097
836.6999999998868
1481.1999999993006
1774.399999999034
1837.099999998977
2060.4999999988304
2377.3999999999837
2823.300000001605
2975.3000000021584
3192.7000000029493
3824.000000005246
4083.100000006189
4294.000000006956
4789.300000008758
4836.000000008928
5038.100000009663
5161.800000010113
5333.300000010737
5492.000000011314
5829.600000012542
6173.000000013792
6272.700000014154
6767.500000015954
6836.400000016205
6918.300000016503
7266.800000017771
7440.900000018404
7800.100000019711
8167.500000021047
8602.70000001516
8769.200000012737
8897.700000010867
9094.10000000801
9648.299999999945
9756.099999998376
9829.9999999973
645.9000000000603
9781.899999998
616.9000000000867
1492.0999999992907
5196.500000010239
9688.099999999366
2083.0999999989126
2833.200000001641
5340.200000010762
6281.500000014186
8603.300000015151
9660.29999999977
9795.399999997804
197.7000000001107
1479.699999999302
2067.799999998857
2377.999999999985
2974.100000002154
3193.6000000029526
4295.400000006961
5036.700000009658
5162.500000010115
5335.7000000107455
6273.000000014155
6876.30000001635
7267.400000017773
7441.000000018404
8170.200000021057
8604.400000015135
8900.400000010828
9664.599999999708
9776.699999998076
1490.599999999292
2070.3999999988664
2395.80000000005
5173.200000010154
5343.200000010773
6280.800000014184
8181.600000021099
8612.600000015016
9665.79999999969
7985.900000020387
9685.599999999402
1489.0999999992937
2070.599999998867
2971.900000002146
5170.400000010144
5340.200000010762
6279.80000001418
6882.500000016373
7976.100000020351
8623.600000014856
8920.800000010531
9664.299999999712
9765.299999998242
6289.700000014216
8615.000000014981
9668.699999999648
8617.20000001495
2972.700000002149
7983.000000020376
2974.900000002157
5176.900000010168
6281.600000014187
8615.500000014974
9656.399999999829
9777.499999998065
