820.2999999999017
829.899999999893
845.7999999998785
1832.499999998981
1843.699999998971
2827.900000001622
2842.400000001675
3827.7000000052594
3840.6000000053054
4831.700000008912
4845.00000000896
5830.700000012546
5839.600000012579
6828.100000016175
6836.600000016206
7828.100000019813
7840.300000019857
8830.90000001184
8844.500000011642
9830.199999997298
9843.599999997105
818.6999999999032
1846.699999998968
2840.7000000016687
5833.5000000125565
5847.700000012608
6849.500000016253
6869.600000016326
7834.800000019837
8832.800000011812
8850.500000011554
826.7999999998958
841.5999999998824
1821.599999998991
1829.9999999989836
2818.200000001587
2825.8000000016145
3825.3000000052502
3834.1000000052823
4818.500000008864
4825.300000008889
4835.500000008926
5820.500000012509
5827.500000012535
6823.500000016158
6831.3000000161865
7821.700000019789
7829.4000000198175
8822.100000011967
8830.300000011848
9822.099999997416
9832.499999997264
685.3000000000245
755.6999999999605
1766.8999999990408
1775.499999999033
1792.5999999990174
2783.5000000014606
2806.400000001544
3790.100000005122
4786.000000008746
4797.900000008789
5769.900000012325
5789.400000012396
6772.200000015971
6783.200000016012
7770.200000019602
8778.00000001261
8794.900000012363
9769.299999998184
9777.499999998065
659.6000000000479
673.7000000000351
689.4000000000208
1765.599999999042
1779.3999999990294
2768.200000001405
2781.8000000014545
3761.100000005017
3770.20000000505
4780.100000008724
4791.500000008766
5764.000000012304
5774.10000001234
5790.9000000124015
6751.6000000158965
6771.200000015968
7763.800000019579
7778.900000019634
8770.300000012721
8782.600000012542
9770.699999998164
9779.399999998035
630.6000000000743
668.5000000000398
679.8000000000295
673.5000000000352
691.1000000000192
1664.499999999134
2664.300000001027
3665.000000004668
3677.000000004711
4667.400000008314
5666.200000011948
6666.200000015586
6683.400000015648
7663.900000019215
7685.700000019295
8666.000000014239
8677.200000014076
9664.39999999971
9680.699999999471
1581.599999999209
3585.0000000043765
8593.80000001529
9589.000000000808
891.499999999837
1580.2999999992105
1590.799999999201
2597.900000000785
3585.200000004377
4592.10000000804
5595.700000011691
6607.0000000153705
7590.90000001895
8588.900000015361
9585.30000000086
782.2999999999363
793.4999999999261
1769.7999999990382
1782.9999999990262
2769.800000001411
3767.30000000504
3774.600000005066
4773.700000008701
4784.700000008741
5772.800000012336
5790.4000000124
6766.900000015952
6777.20000001599
7768.300000019595
7779.400000019636
8772.700000012686
8782.900000012538
9766.999999998216
9777.999999998056
792.8999999999266
811.6999999999096
881.599999999846
1771.3999999990367
1786.399999999023
2778.400000001442
3768.1000000050426
3777.9000000050783
4773.700000008701
5773.800000012339
5785.200000012381
6768.500000015958
6778.100000015993
7769.800000019601
7782.500000019647
8772.000000012697
8781.000000012566
9765.199999998244
9778.299999998051
1982.8999999988444
2001.299999998828
2990.600000002214
3005.8000000022694
3974.900000005795
3996.8000000058746
4983.400000009464
5979.600000013088
6978.900000016723
7025.300000016892
7972.600000020338
8981.000000009655
9023.000000009044
9978.199999995144
9996.899999994872
1766.8999999990408
1805.9999999990048
2769.60000000141
3769.1000000050462
4768.300000008681
4797.200000008786
5767.700000012317
6767.800000015955
6789.700000016035
7768.000000019594
8768.000000012755
9767.399999998212
818.1999999999036
1775.2999999990332
2794.5000000015007
3774.200000005065
4784.40000000874
4823.700000008883
5778.400000012356
6775.100000015982
7779.700000019637
8779.000000012595
9775.499999998094
804.7999999999158
884.5999999998432
1880.0999999989376
2827.000000001619
2843.70000000168
6812.800000016119
7810.600000019749
9812.599999997554
9847.799999997042
2845.200000001685
2865.500000001759
7849.40000001989
