593.4000000001081
728.2999999999854
836.9999999998865
1609.7999999991837
1748.999999999057
1772.199999999036
1842.699999998972
2596.0000000007785
2730.1000000012664
2848.600000001697
2980.6000000021777
3585.6000000043787
3718.300000004861
3784.900000005104
3848.400000005335
4583.80000000801
4732.600000008551
4794.100000008775
5569.300000011595
5762.800000012299
5922.700000012881
6611.600000015387
6719.7000000157805
6764.300000015943
6875.400000016347
7589.400000018944
7733.600000019469
7758.000000019558
7855.800000019914
8575.000000015563
8618.200000014935
8761.900000012844
8788.90000001245
9581.000000000924
9747.899999998495
9762.499999998285
9890.999999996411
602.2000000001001
726.8999999999867
1599.3999999991931
1750.199999999056
1854.0999999989613
2592.600000000766
2730.000000001266
2959.3000000021
3583.4000000043707
3711.400000004836
3856.200000005363
4582.900000008007
4732.700000008552
5568.000000011591
5764.100000012304
5928.800000012903
6594.200000015324
6720.600000015784
6765.100000015946
6918.100000016502
7587.600000018938
7732.100000019464
7754.100000019544
7942.200000020228
8573.600000015584
8611.900000015026
8762.600000012833
8933.600000010345
9579.800000000942
9675.099999999557
9749.999999998465
9782.59999999799
9917.99999999602
606.3000000000964
730.899999999983
1721.9999999990816
1764.8999999990426
2601.300000000798
2730.2000000012667
3590.0000000043947
3704.700000004812
3768.800000005045
4589.000000008029
4732.9000000085525
5570.200000011599
5764.100000012304
6718.6000000157765
6764.000000015942
6920.800000016512
7727.300000019446
7754.500000019545
8576.000000015549
8622.800000014868
8761.700000012846
9582.400000000904
9683.399999999434
9752.099999998434
9773.799999998118
727.4999999999861
840.2999999998835
1603.3999999991895
1746.3999999990594
1841.799999998973
2597.7000000007847
2728.30000000126
3590.0000000043947
3716.200000004854
3773.600000005063
3848.000000005333
4586.200000008019
4724.800000008523
4772.000000008695
5570.5000000116
5754.200000012268
6608.400000015376
6718.900000015778
6761.600000015933
6919.200000016506
7617.400000019046
7725.300000019439
7747.50000001952
7834.800000019837
8576.500000015541
8613.100000015009
8729.700000013312
8763.600000012819
8909.90000001069
9582.00000000091
9745.099999998536
9758.699999998338
9900.399999996276
620.1000000000838
729.9999999999839
1697.7999999991036
1759.3999999990476
2620.600000000868
2729.8000000012653
3692.2000000047674
3763.500000005026
3924.900000005613
4596.300000008056
4726.500000008529
4772.600000008697
5571.600000011604
5761.300000012294
6705.000000015727
6761.000000015931
6919.800000016508
7701.700000019353
7751.800000019535
8578.100000015518
8620.800000014897
8724.30000001339
8764.100000012812
9586.000000000851
9689.099999999353
9752.899999998424
9775.999999998086
614.9000000000885
727.0999999999865
1610.7999999991828
1753.599999999053
1837.999999998976
2598.300000000787
2729.3000000012635
2829.000000001626
3595.000000004413
3716.900000004856
3824.900000005249
3926.500000005619
4587.500000008024
4729.000000008538
4833.400000008918
5571.600000011604
5764.400000012305
6720.600000015784
6765.400000015947
6842.000000016225
6921.800000016516
7730.100000019456
7755.300000019548
7824.000000019798
8576.700000015539
8616.50000001496
8762.20000001284
9582.500000000902
9746.999999998508
9771.499999998152
9832.599999997265
581.2000000001192
727.7999999999859
1608.699999999185
1748.7999999990573
1907.0999999989133
2597.400000000784
2730.000000001266
2967.3000000021293
3585.700000004379
3703.8000000048087
3773.000000005061
3894.400000005502
3984.700000005831
4584.400000008012
4731.500000008547
5568.700000011593
5761.700000012295
6608.000000015374
6718.700000015777
6764.200000015942
6923.10000001652
7602.100000018991
7731.400000019461
7756.700000019553
7976.000000020351
8575.300000015559
8618.100000014936
8761.40000001285
9581.800000000912
9748.199999998493
9768.799999998191
9976.39999999517
632.7000000000724
730.5999999999833
1732.1999999990724
1766.0999999990415
2600.800000000796
2730.300000001267
3707.8000000048232
3766.800000005038
4590.5000000080345
4733.000000008553
5571.400000011603
5759.100000012286
5777.7000000123535
6711.600000015751
6762.500000015936
6922.500000016518
7730.000000019456
7755.300000019548
8576.300000015544
8625.100000014834
8759.900000012873
9582.300000000903
9686.599999999387
9750.99999999845
9772.099999998143
728.0999999999856
1598.599999999194
1755.9999999990507
1847.399999998968
2596.700000000781
2731.2000000012704
2969.100000002136
3587.7000000043863
3721.6000000048734
3852.900000005351
3988.900000005846
4585.500000008016
4734.100000008557
5569.400000011596
5613.000000011754
5767.700000012317
6601.800000015352
6723.600000015795
6767.100000015953
6926.400000016532
7595.800000018968
7734.800000019473
7770.300000019602
7983.90000002038
8575.90000001555
8619.400000014917
8763.700000012817
9582.100000000908
9748.29999999849
9791.999999997854
581.3000000001191
609.4000000000935
726.3999999999871
1601.5999999991911
1698.6999999991028
1768.0999999990397
1845.799999998969
2589.200000000754
2728.100000001259
2959.2000000021
3579.600000004357
3689.200000004756
3761.100000005017
3853.500000005353
4577.900000007989
4725.500000008526
5567.400000011588
5760.600000012291
5925.900000012893
6590.30000001531
6717.800000015774
6764.700000015944
6918.200000016503
7581.100000018914
7722.80000001943
7753.500000019541
7930.200000020184
8572.300000015603
8615.400000014975
8690.900000013877
8764.100000012812
8958.900000009977
9578.50000000096
9679.799999999486
9751.399999998444
9808.599999997612
9956.099999995466
729.6999999999841
1708.5999999990938
1760.5999999990463
2612.400000000838
2730.1000000012664
3706.100000004817
3768.400000005044
4600.700000008072
4729.6000000085405
5572.800000011608
5759.200000012286
6709.800000015744
6761.900000015934
7707.500000019374
7751.6000000195345
8577.700000015524
8632.30000001473
8760.500000012864
9584.200000000876
9688.899999999354
9752.299999998431
9785.799999997944
582.2000000001183
725.9999999999875
864.5999999998614
1597.6999999991947
1687.499999999113
1749.3999999990567
1763.1999999990442
1860.8999999989555
2592.1000000007643
2723.400000001242
2970.30000000214
3581.000000004362
3688.4000000047527
3734.30000000492
3781.10000000509
3872.900000005424
4580.200000007997
4722.100000008513
4770.500000008689
5567.80000001159
5606.100000011729
5752.200000012261
5780.400000012363
5928.400000012902
6591.200000015313
6707.100000015735
6748.200000015884
6766.000000015949
6918.500000016504
7584.400000018926
7704.100000019362
7737.200000019482
7760.600000019567
7979.800000020365
8573.20000001559
8607.300000015093
8681.70000001401
8759.300000012881
8777.500000012617
9579.300000000949
9663.299999999726
9745.49999999853
9758.899999998335
9893.099999996382
730.2999999999836
1611.799999999182
1756.5999999990502
2598.500000000788
2757.3000000013653
2967.3000000021293
3590.0000000043947
3728.8000000049
3918.5000000055898
4584.500000008013
4738.000000008571
5569.500000011596
5771.900000012332
5947.000000012969
6746.400000015878
6918.800000016505
7740.000000019492
7754.000000019543
7977.200000020355
8575.000000015563
8623.400000014859
8764.000000012813
9582.100000000908
9750.099999998463
583.5000000001171
726.1999999999873
1599.8999999991927
1729.9999999990744
1768.2999999990395
1864.0999999989524
2590.5000000007585
2722.300000001238
2965.4000000021224
3580.6000000043605
3690.50000000476
3735.500000004924
3856.300000005364
3987.7000000058415
4579.700000007995
4722.100000008513
5568.200000011591
5752.600000012262
5928.600000012903
6589.500000015307
6707.100000015735
6749.70000001589
6919.600000016508
7582.400000018919
7706.100000019369
7724.900000019437
7757.200000019555
7965.900000020314
8573.400000015587
8619.000000014923
8708.700000013618
8762.000000012842
9579.300000000949
9686.699999999386
9749.299999998477
9776.899999998072
9959.89999999541
733.099999999981
1762.7999999990443
3748.400000004971
4741.200000008583
5574.800000011615
6759.800000015926
7748.300000019522
8579.700000015495
8765.500000012791
9753.999999998408
614.400000000089
728.0999999999856
874.999999999852
1607.6999999991856
1756.0999999990506
1846.799999998968
1988.699999998839
2597.400000000784
2731.400000001271
2963.3000000021148
3587.7000000043863
3704.400000004811
3771.800000005056
3889.700000005485
3969.800000005776
4585.200000008015
4732.400000008551
4985.800000009473
5570.7000000116
5763.4000000123015
5957.500000013008
6612.900000015392
6724.900000015799
6763.800000015941
6919.600000016508
7598.900000018979
7730.300000019457
7756.0000000195505
7965.100000020311
8575.500000015556
8618.900000014924
8761.800000012845
8966.30000000987
9580.700000000928
9668.399999999652
9750.599999998456
9773.399999998124
9965.39999999533
623.3000000000809
729.4999999999843
1603.3999999991895
1758.2999999990486
1842.1999999989723
2583.4000000007327
2732.3000000012744
2971.400000002144
3579.8000000043576
3727.200000004894
3841.300000005309
4578.500000007991
4736.300000008565
5568.500000011592
5776.300000012348
6587.7000000153
6746.000000015876
6919.800000016508
7580.9000000189135
7737.500000019483
7756.500000019552
8573.300000015588
8618.50000001493
8764.400000012807
9578.50000000096
9749.399999998474
9796.39999999779
585.4000000001154
726.1999999999873
867.6999999998586
990.399999999747
1598.1999999991942
1693.1999999991078
1756.0999999990506
1846.4999999989684
1974.499999998852
2592.1000000007643
2728.600000001261
2961.200000002107
3582.0000000043656
3687.400000004749
3745.40000000496
3851.4000000053456
3964.500000005757
4580.900000008
4726.100000008528
4741.7000000085845
4978.300000009445
5568.000000011591
5604.100000011722
5681.000000012002
5758.100000012282
5926.600000012895
5969.600000013052
6591.900000015316
6710.000000015745
6759.000000015923
6918.000000016502
6974.600000016708
7585.40000001893
7720.0000000194195
7751.100000019533
7944.200000020235
7971.5000000203345
8574.000000015578
8602.70000001516
8676.800000014082
8760.600000012862
8900.600000010825
8971.500000009793
9579.400000000947
9658.399999999798
9746.799999998511
9758.699999998338
9892.099999996395
9967.199999995304
621.9000000000822
728.9999999999848
1604.299999999189
1746.4999999990594
1843.3999999989712
2597.500000000784
2729.500000001264
3590.2000000043954
3703.100000004806
3764.60000000503
3851.200000005345
4587.500000008024
4728.300000008536
4758.700000008646
5569.700000011597
5754.400000012269
5892.10000001277
6617.200000015408
6712.100000015753
6760.300000015928
6916.700000016497
7619.400000019054
7721.500000019425
7751.400000019534
8576.000000015549
8615.10000001498
8720.500000013446
8763.300000012823
8893.700000010926
9582.200000000908
9672.199999999595
9748.499999998488
9762.299999998286
9888.49999999645
631.2000000000737
726.1999999999873
1597.0999999991952
1702.5999999990993
1761.9999999990453
1843.4999999989711
2596.900000000782
2728.900000001262
2968.900000002135
3587.300000004385
3692.400000004767
3745.40000000496
3845.800000005325
3992.1000000058575
4584.800000008014
4727.200000008532
4746.100000008601
5569.400000011596
5602.500000011716
5675.10000001198
5765.500000012309
6603.100000015356
6715.500000015765
6764.400000015943
6919.100000016506
7594.600000018963
7721.700000019426
7751.900000019536
7826.500000019807
7979.700000020364
8575.20000001556
8601.700000015175
8675.700000014098
8763.300000012823
9580.800000000929
9659.999999999774
9747.4999999985
9777.199999998067
733.8999999999803
1609.7999999991837
1768.799999999039
1844.8999999989696
2582.900000000731
3574.0000000043365
3748.600000004972
3843.200000005316
4572.80000000797
4741.800000008585
5567.400000011588
6581.400000015277
6761.000000015931
6923.00000001652
7575.300000018893
7748.100000019522
7838.40000001985
8571.000000015621
8623.000000014865
8770.000000012726
9575.800000001
9753.79999999841
727.7999999999859
1597.4999999991949
1755.0999999990515
1846.3999999989685
2596.40000000078
2729.700000001265
3588.70000000439
3717.0000000048567
3847.10000000533
4586.800000008021
4730.900000008545
5571.0000000116015
5606.600000011731
5770.600000012328
6600.400000015346
6719.200000015779
6766.800000015952
7594.800000018964
7731.20000001946
7768.000000019594
8576.900000015536
8614.800000014984
8764.500000012806
9582.900000000896
9748.99999999848
9783.499999997975
729.6999999999841
1691.1999999991097
1759.099999999048
1865.999999998951
2605.800000000814
2727.300000001256
3689.900000004758
3761.400000005018
3916.400000005582
4599.100000008066
4725.300000008525
4769.600000008686
5571.400000011603
5757.200000012279
5768.800000012321
6700.000000015709
6760.500000015929
6920.800000016512
7699.500000019345
7750.700000019531
7769.5000000196
8577.100000015533
8626.500000014814
8695.400000013811
8761.50000001285
9583.900000000882
9705.799999999108
9755.299999998388
9785.39999999795
604.500000000098
728.4999999999852
1609.0999999991843
1713.5999999990893
1760.099999999047
1849.099999998966
2595.300000000776
2728.40000000126
3583.9000000043725
3692.600000004768
3731.60000000491
3781.20000000509
3918.900000005591
4582.200000008004
4722.900000008516
4773.700000008701
5568.900000011594
5756.800000012277
5773.100000012337
5929.400000012905
6603.100000015356
6708.000000015738
6761.100000015931
6918.800000016505
7586.200000018933
7705.100000019365
7750.200000019529
8574.700000015568
8619.20000001492
8721.500000013431
8762.80000001283
9579.700000000945
9684.199999999422
9751.199999998447
9770.499999998166
588.9000000001122
725.9999999999875
1595.9999999991962
1695.8999999991054
1757.0999999990495
1841.799999998973
2581.500000000726
2726.9000000012547
2852.2000000017106
2960.100000002103
3575.200000004341
3705.500000004815
3765.500000005033
3842.9000000053143
3918.900000005591
4576.100000007982
4724.1000000085205
4785.200000008743
5567.500000011589
5612.600000011753
5754.200000012268
5920.300000012872
6584.500000015289
6714.700000015762
6761.700000015933
6917.300000016499
7576.800000018899
7721.000000019423
7752.300000019537
7832.600000019829
7922.3000000201555
8571.200000015619
8609.900000015055
8684.000000013977
8762.600000012833
8932.400000010362
9576.50000000099
9662.599999999737
9747.5999999985
9766.89999999822
9931.79999999582
616.4000000000872
729.799999999984
1611.799999999182
1688.699999999112
1756.69999999905
1770.999999999037
2598.100000000786
2723.6000000012427
2972.3000000021475
3587.400000004385
3688.000000004751
3745.50000000496
3771.6000000050553
4585.800000008017
4723.800000008519
4771.100000008692
5570.100000011598
5754.200000012268
5769.600000012324
6698.600000015704
6759.100000015924
6920.000000016509
7699.900000019346
7748.600000019524
8575.700000015553
8619.400000014917
8687.800000013922
8760.500000012864
9581.100000000924
9661.899999999749
9749.199999998476
9761.099999998303
594.3000000001073
725.9999999999875
868.4999999998579
1601.2999999991914
1688.599999999112
1757.799999999049
1864.699999998952
2590.600000000759
2727.000000001255
2968.5000000021337
3579.600000004357
3687.70000000475
3742.800000004951
3862.800000005387
3982.800000005824
4579.400000007994
4726.000000008527
4738.100000008571
5568.100000011591
5753.000000012264
5768.60000001232
6591.200000015313
6704.200000015724
6748.3000000158845
6765.100000015946
6919.200000016506
7583.000000018921
7702.800000019357
7740.700000019495
7758.70000001956
7976.800000020354
8572.400000015601
8615.400000014975
8686.700000013938
8761.200000012854
9578.300000000963
9674.899999999558
9747.099999998509
9761.099999998303
9979.599999995124
732.5999999999815
1761.6999999990455
2968.900000002135
3741.7000000049466
3990.900000005853
4738.700000008574
5571.0000000116015
6749.300000015888
6923.800000016523
7743.000000019503
7763.400000019577
7982.300000020374
8577.200000015531
8627.900000014793
8765.400000012793
9586.70000000084
9677.999999999513
9754.3999999984
611.2000000000919
731.7999999999822
1763.0999999990445
2601.400000000798
3588.70000000439
3740.8000000049433
4585.000000008015
4738.000000008571
5569.700000011597
6746.1000000158765
6941.8000000165885
7742.1000000195
8575.20000001556
8627.4000000148
8767.400000012763
9582.6000000009
9754.199999998404
726.9999999999866
1614.6999999991792
1735.6999999990692
1837.6999999989764
2604.3000000008087
2728.7000000012613
2828.6000000016247
3594.000000004409
3709.200000004828
3746.9000000049655
3827.7000000052594
4591.500000008038
4725.300000008525
4741.000000008582
5570.200000011599
5750.800000012256
5831.60000001255
6709.400000015743
6749.80000001589
6795.600000016057
6938.000000016575
7720.400000019421
7746.300000019515
7822.000000019791
8576.900000015536
8623.400000014859
8757.100000012913
8826.00000001191
9583.800000000883
9743.299999998562
9776.199999998084
614.0000000000894
728.9999999999848
869.6999999998568
1605.8999999991872
1750.3999999990558
1870.1999999989469
1967.0999999988587
2597.3000000007837
2731.2000000012704
2961.0000000021064
3585.3000000043776
3720.60000000487
3870.200000005414
3960.400000005742
4583.70000000801
4732.500000008551
4965.8000000094
5568.400000011592
5757.100000012279
5917.600000012862
5965.000000013035
6609.800000015381
6725.300000015801
6763.900000015941
6917.100000016499
6965.300000016674
7587.200000018936
7734.100000019471
7755.80000001955
7920.200000020148
7966.200000020315
8573.700000015582
8614.300000014991
8761.200000012854
8904.700000010766
8966.20000000987
9581.000000000924
9680.799999999472
9750.499999998456
9783.29999999798
9896.09999999634
9965.499999995329
726.6999999999869
878.9999999998483
1613.79999999918
1746.799999999059
1760.199999999047
1847.199999998968
2599.400000000791
2728.0000000012587
3590.100000004395
3707.400000004822
3758.8000000050088
3855.20000000536
4586.200000008019
4726.100000008528
4769.200000008685
5569.400000011596
5753.200000012264
5926.100000012893
6713.500000015758
6758.400000015921
6891.5000000164055
7720.900000019423
7751.800000019535
8576.000000015549
8619.400000014917
8755.400000012938
8769.600000012731
8900.400000010828
9582.00000000091
9663.79999999972
9746.399999998515
9756.299999998371
9888.49999999645
602.3000000001
727.9999999999857
871.9999999998547
1600.0999999991925
1714.4999999990885
1760.099999999047
1844.69999999897
2595.800000000778
2725.000000001248
2970.500000002141
3584.600000004375
3697.4000000047854
3717.7000000048592
3775.300000005069
3853.400000005353
4582.700000008006
4723.700000008519
4776.20000000871
5568.400000011592
5756.0000000122745
5780.500000012364
5926.900000012896
6598.800000015341
6708.000000015738
6760.80000001593
6917.4000000165
7590.300000018948
7707.800000019375
7736.100000019478
7775.00000001962
7924.400000020163
8574.50000001557
8615.500000014974
8709.100000013612
8762.000000012842
8900.500000010827
9580.00000000094
9672.199999999595
9748.99999999848
9760.899999998306
9891.999999996398
611.2000000000919
731.3999999999826
1599.0999999991934
1762.0999999990452
2597.500000000784
2971.400000002144
3592.600000004404
3738.6000000049353
4595.300000008052
4739.000000008575
5574.600000011615
5677.300000011988
6606.200000015368
6751.800000015897
6769.800000015963
7605.000000019001
7743.100000019504
7758.70000001956
8578.300000015515
8606.600000015103
8765.100000012797
9585.30000000086
9658.799999999792
9752.599999998429
584.0000000001166
728.2999999999854
981.599999999755
1598.299999999194
1747.4999999990584
1844.3999999989703
2582.100000000728
2730.700000001269
2971.900000002146
3573.300000004334
3691.500000004764
3747.300000004967
3846.500000005328
4574.300000007976
4732.400000008551
5566.900000011587
5768.50000001232
5926.600000012895
6579.000000015269
6716.70000001577
6766.000000015949
6918.300000016503
7576.400000018897
7729.200000019453
7763.100000019576
7946.100000020242
8570.600000015627
8617.600000014943
8702.100000013714
8768.000000012755
9575.400000001006
9663.69999999972
9749.799999998468
9783.899999997971
729.899999999984
1598.9999999991935
1759.4999999990475
2597.900000000785
2732.900000001277
2968.4000000021333
3726.3000000048905
3929.100000005628
4593.000000008044
4737.100000008568
5572.600000011607
5616.000000011765
5772.400000012334
6611.300000015386
6746.000000015876
6922.500000016518
7737.500000019483
7763.100000019576
7979.900000020365
8577.500000015527
8612.000000015025
8764.20000001281
9584.400000000876
9749.59999999847
9804.099999997678
729.1999999999846
879.7999999998476
1613.099999999181
1750.9999999990553
1760.8999999990465
1845.0999999989697
2599.10000000079
2730.600000001268
3588.3000000043885
3711.200000004836
3760.400000005015
3848.3000000053344
4586.1000000080185
4732.400000008551
4777.300000008714
5569.200000011595
5755.600000012273
5773.700000012339
6717.5000000157725
6759.900000015927
6918.300000016503
7728.200000019449
7752.900000019539
8575.800000015552
8617.700000014942
8757.900000012902
8896.500000010885
9581.800000000912
9747.199999998506
9756.999999998365
9890.299999996423
728.3999999999853
1602.099999999191
1751.9999999990544
1847.399999998968
2599.000000000789
2730.1000000012664
3714.100000004846
3847.600000005332
4594.400000008049
4732.30000000855
5571.400000011603
5770.0000000123255
6618.500000015412
6720.600000015784
6768.200000015957
6922.3000000165175
7730.500000019458
7764.900000019583
8576.900000015536
8616.000000014967
8763.800000012816
9583.800000000883
9747.999999998494
9783.39999999798
595.5000000001062
725.1999999999882
1580.0999999992107
1689.599999999111
1758.5999999990484
1841.799999998973
2579.90000000072
2726.6000000012536
2847.700000001694
2969.9000000021388
3572.9000000043325
3688.300000004752
3743.4000000049527
3839.200000005301
3922.200000005603
4575.200000007979
4724.200000008521
4739.700000008577
5566.900000011587
5680.200000011999
5768.40000001232
5924.000000012886
6575.600000015256
6712.3000000157535
6763.50000001594
6918.300000016503
7573.200000018885
7718.000000019412
7753.20000001954
7826.200000019806
7925.500000020167
8570.200000015633
8600.70000001519
8679.200000014047
8763.400000012822
8934.200000010336
9575.400000001006
9664.799999999705
9747.199999998506
9776.39999999808
9945.199999995624
727.7999999999859
1599.2999999991932
1758.5999999990484
1849.5999999989656
2597.1000000007825
2731.800000001273
3588.6000000043896
3719.100000004864
3845.500000005324
4587.400000008023
4735.200000008561
5571.300000011603
5775.400000012345
6604.400000015361
6731.500000015823
6766.20000001595
6920.000000016509
7596.000000018968
7735.800000019477
7801.400000019716
8576.60000001554
8614.900000014983
8764.20000001281
9582.100000000908
9749.899999998466
9782.399999997991
728.0999999999856
1612.0999999991816
1758.899999999048
2601.5000000007985
2733.300000001278
2965.900000002124
3720.70000000487
3969.600000005776
4736.000000008564
5574.3000000116135
5769.200000012323
5969.400000013051
6743.000000015865
6928.60000001654
7737.100000019482
7770.000000019601
7969.200000020326
8578.00000001552
8615.600000014972
8763.200000012825
9588.500000000817
9661.599999999751
9751.299999998446
9793.999999997824
9975.599999995182
728.3999999999853
1626.5999999991684
1748.7999999990573
1841.6999999989728
2600.6000000007957
2729.9000000012657
2832.4000000016385
3711.600000004837
3769.500000005048
3843.500000005317
4593.300000008045
4730.300000008543
4850.100000008979
5570.900000011601
5753.900000012267
6717.100000015771
6763.100000015938
6921.000000016513
7728.000000019449
7749.900000019528
7824.900000019801
8577.100000015533
8626.900000014808
8761.50000001285
9584.00000000088
9746.399999998515
9771.999999998145
624.7000000000796
729.5999999999842
1611.0999999991825
1749.5999999990563
1847.999999998967
2599.400000000791
2730.4000000012675
2972.3000000021475
3595.7000000044154
3719.2000000048647
3850.900000005344
4593.400000008045
4732.20000000855
5571.200000011602
5762.200000012297
6628.500000015449
6723.800000015795
6765.400000015947
6921.400000016514
7731.700000019462
7761.600000019571
8577.400000015528
8615.400000014975
8762.400000012836
9584.500000000871
9671.29999999961
9749.399999998474
9782.099999997998
729.2999999999845
1756.1999999990503
2600.000000000793
2735.800000001287
2969.400000002137
3707.8000000048232
3983.000000005824
4590.900000008036
4736.000000008564
5571.700000011604
5768.50000001232
6723.700000015795
6765.800000015948
6923.300000016521
7736.50000001948
7764.00000001958
7980.900000020369
8577.000000015534
8625.900000014823
8763.400000012822
9583.100000000892
9682.89999999944
9752.599999998429
729.1999999999846
1614.6999999991792
1753.8999999990526
1856.799999998959
2600.700000000796
2728.600000001261
3716.800000004856
3768.200000005043
3855.500000005361
4594.600000008049
4732.500000008551
5571.200000011602
5759.900000012289
6718.200000015775
6762.6000000159365
6919.400000016507
7724.600000019436
7752.500000019538
8577.100000015533
8621.100000014892
8760.700000012861
9583.800000000883
9748.099999998492
9761.99999999829
9894.399999996363
604.6000000000979
728.2999999999854
1604.4999999991885
1750.4999999990555
2599.9000000007927
2731.400000001271
3588.500000004389
3710.0000000048312
3917.900000005588
4587.000000008022
4732.30000000855
5571.100000011602
5767.600000012317
5930.900000012911
6604.700000015362
6718.700000015777
6767.200000015953
6918.900000016505
7724.300000019435
7752.500000019538
7939.800000020219
8576.100000015547
8623.30000001486
8763.700000012817
9582.500000000902
9747.699999998498
9796.699999997783
634.3000000000709
729.0999999999847
869.499999999857
1603.6999999991892
1757.2999999990495
2598.000000000786
2730.9000000012693
2966.2000000021253
3588.6000000043896
3710.500000004833
3875.400000005433
3977.100000005803
4590.5000000080345
4733.900000008556
5570.300000011599
5768.100000012319
5967.900000013045
6610.900000015385
6721.200000015786
6766.20000001595
6921.100000016513
7597.500000018974
7734.200000019471
7764.8000000195825
7968.800000020325
8576.60000001554
8617.10000001495
8764.000000012813
9582.7000000009
9664.599999999708
9750.899999998452
9782.999999997985
9973.399999995214
733.7999999999804
1761.5999999990456
2968.300000002133
3738.900000004936
3971.900000005784
4737.900000008571
5575.200000011617
5774.200000012341
6741.400000015859
6982.300000016736
7740.800000019495
7761.40000001957
7973.300000020341
8580.600000015482
8764.700000012803
9752.199999998433
9971.999999995234
614.7000000000887
728.9999999999848
1599.599999999193
1756.3999999990504
1860.9999999989552
2596.6000000007807
2731.5000000012715
2967.000000002128
3586.6000000043823
3722.600000004877
3856.300000005364
3976.600000005801
4584.700000008013
4733.700000008555
5569.500000011596
5765.70000001231
6603.300000015357
6723.800000015795
6765.700000015948
6920.900000016512
7593.000000018957
7735.800000019477
7760.000000019565
7974.200000020344
8575.90000001555
8616.700000014956
8763.100000012826
9581.20000000092
9661.499999999753
9749.999999998465
9790.799999997873
9978.199999995144
596.1000000001056
726.1999999999873
1601.5999999991911
1747.899999999058
1844.69999999897
2594.100000000772
2729.400000001264
2967.6000000021304
3582.100000004366
3693.700000004772
3748.400000004971
3849.70000000534
4583.400000008009
4726.60000000853
4743.700000008592
5568.500000011592
5756.500000012276
5936.400000012931
6592.500000015318
6715.700000015766
6762.800000015937
6918.800000016505
7592.400000018955
7722.100000019427
7751.700000019535
7967.200000020319
8572.800000015595
8614.300000014991
8696.000000013802
8763.400000012822
8910.300000010684
9580.100000000935
9672.299999999595
9749.199999998476
9779.09999999804
9895.499999996347
730.5999999999833
1756.4999999990505
1847.8999999989671
2735.4000000012857
3730.7000000049065
3854.9000000053584
4735.1000000085605
5575.000000011616
5762.600000012299
6743.9000000158685
6765.9000000159485
6920.20000001651
7737.200000019482
7757.300000019555
8579.3000000155
8622.100000014878
8760.80000001286
9750.199999998462
9765.199999998244
614.9000000000885
727.8999999999858
1605.8999999991872
1745.89999999906
1768.999999999039
1843.2999999989715
2598.300000000787
2729.400000001264
3588.200000004388
3701.100000004799
3759.0000000050095
3844.600000005321
4585.700000008017
4726.900000008531
4746.700000008603
5569.200000011595
5754.000000012267
5769.900000012325
5903.700000012812
6630.000000015454
6714.600000015762
6760.4000000159285
6918.200000016503
7603.300000018995
7722.400000019428
7750.800000019532
7860.40000001993
8575.300000015559
8616.50000001496
8716.10000001351
8762.10000001284
8895.5000000109
9581.600000000915
9677.899999999514
9748.799999998482
9760.399999998312
9888.099999996455
581.0000000001194
724.0999999999892
956.5999999997778
1600.8999999991918
1685.299999999115
1757.999999999049
1857.3999999989585
2592.300000000765
2728.900000001262
2959.9000000021024
3583.4000000043707
3687.3000000047487
3750.5000000049786
3863.000000005388
3971.400000005782
4581.400000008001
4728.200000008535
5568.200000011591
5678.000000011991
5765.300000012308
5926.100000012893
6592.000000015316
6704.900000015727
6760.90000001593
6918.100000016502
7586.300000018933
7707.800000019375
7745.200000019511
7936.400000020207
8573.80000001558
8611.900000015026
8680.000000014035
8763.200000012825
8902.700000010795
9580.00000000094
9659.299999999785
9749.099999998478
9779.89999999803
9893.099999996382
9975.69999999518
730.4999999999834
1605.6999999991874
1756.0999999990506
1853.399999998962
2598.500000000788
2730.000000001266
3594.3000000044103
3718.600000004863
3854.600000005357
4591.600000008039
4730.900000008545
5570.7000000116
5764.900000012307
6718.700000015777
6764.8000000159445
6922.3000000165175
7729.900000019456
7761.600000019571
8577.100000015533
8619.800000014911
8762.600000012833
9584.200000000876
9749.199999998476
9777.599999998063
730.2999999999836
1756.5999999990502
2730.4000000012675
2973.4000000021515
3704.800000004812
3982.7000000058233
4732.30000000855
5571.100000011602
5767.300000012316
6719.60000001578
6765.800000015948
7731.600000019462
7770.900000019605
7980.800000020368
8577.400000015528
8631.800000014737
8764.600000012804
9678.399999999509
9752.099999998434
582.1000000001184
727.2999999999863
868.4999999998579
1597.9999999991944
1687.8999999991129
1756.89999999905
1849.2999999989656
2592.1000000007643
2726.9000000012547
2966.100000002125
3581.800000004365
3686.900000004747
3744.7000000049575
3859.200000005374
3975.300000005797
4580.700000007999
4724.00000000852
5567.90000001159
5685.100000012017
5764.400000012305
5930.300000012909
6591.400000015314
6702.900000015719
6759.000000015923
6919.300000016507
7584.900000018928
7711.80000001939
7750.30000001953
7971.400000020334
8573.400000015587
8614.700000014986
8685.800000013951
8763.000000012828
8929.8000000104
9579.20000000095
9660.499999999767
9747.4999999985
9770.99999999816
9959.19999999542
635.1000000000702
728.0999999999856
1602.3999999991904
1751.9999999990544
1852.2999999989631
2596.900000000782
2730.800000001269
2965.000000002121
3586.200000004381
3714.900000004849
3853.200000005352
3973.100000005789
4584.400000008012
4733.300000008554
5568.900000011594
5761.400000012294
5966.700000013041
6606.100000015367
6722.600000015791
6764.8000000159445
6919.600000016508
7593.400000018959
7733.200000019468
7755.300000019548
7968.200000020322
8575.600000015555
8615.300000014977
8761.50000001285
9581.100000000924
9666.599999999678
9749.399999998474
9772.199999998142
9971.799999995235
608.6000000000943
728.8999999999849
853.1999999998718
1580.2999999992105
1747.4999999990584
1842.0999999989724
2580.1000000007207
2730.4000000012675
2849.4000000017004
3572.9000000043325
3720.500000004869
3840.7000000053063
4572.80000000797
4732.500000008551
4862.500000009024
5567.200000011588
5757.300000012279
5931.200000012912
6576.60000001526
6720.700000015784
6765.400000015947
6918.800000016505
7573.900000018888
7732.400000019465
7760.800000019568
7827.40000001981
8570.800000015624
8614.700000014986
8762.400000012836
9574.800000001014
9673.199999999582
9748.599999998483
9780.399999998022
727.8999999999858
1607.199999999186
1746.6999999990592
1762.6999999990446
1856.19999999896
2597.800000000785
2729.3000000012635
3587.400000004385
3714.600000004848
3762.600000005023
3859.200000005374
4585.300000008016
4730.500000008544
5568.900000011594
5755.400000012272
5776.400000012349
5928.900000012904
6620.2000000154185
6719.900000015781
6760.600000015929
6917.5000000165
7596.200000018969
7730.900000019459
7754.000000019543
8575.20000001556
8616.700000014956
8758.0000000129
8895.900000010894
9581.30000000092
9745.999999998525
9756.899999998364
9888.999999996442
586.0000000001148
728.1999999999855
1608.5999999991848
1687.8999999991129
1761.5999999990456
2597.3000000007837
2729.9000000012657
2966.6000000021268
3585.90000000438
3688.200000004752
3767.30000000504
3932.900000005642
4584.200000008012
4731.200000008546
4989.700000009487
5568.8000000115935
5766.7000000123135
5972.300000013061
6611.300000015386
6705.500000015729
6763.7000000159405
6920.30000001651
7592.000000018954
7718.300000019413
7754.700000019546
7971.700000020335
8575.400000015557
8621.700000014884
8763.000000012828
9581.800000000912
9669.999999999627
9751.199999998447
9796.699999997783
9973.599999995213
602.1000000001002
725.5999999999879
1601.0999999991916
1686.6999999991135
1758.999999999048
1841.099999998973
2586.1000000007425
2725.900000001251
2830.7000000016324
2956.50000000209
3580.200000004359
3687.100000004748
3747.8000000049688
3829.500000005266
3923.1000000056074
4580.000000007996
4724.00000000852
4834.400000008922
5568.8000000115935
5677.80000001199
5765.400000012309
5924.400000012887
6589.600000015307
6706.900000015734
6762.700000015937
6917.800000016501
7585.700000018931
7701.800000019353
7740.500000019494
7822.600000019793
7924.200000020162
8573.500000015585
8615.300000014977
8679.900000014037
8763.200000012825
8932.000000010368
9578.200000000965
9673.199999999582
9749.099999998478
9782.799999997987
9837.699999997189
9944.699999995632
582.1000000001184
727.7999999999859
1605.6999999991874
1746.999999999059
1786.1999999990232
2597.000000000782
2727.800000001258
3584.800000004376
3703.900000004809
3766.500000005037
3867.700000005405
4582.500000008005
4725.900000008527
4743.500000008591
5568.600000011593
5757.900000012281
5774.900000012343
5935.700000012928
6608.600000015376
6711.100000015749
6761.5000000159325
6919.0000000165055
7592.900000018957
7718.800000019415
7753.10000001954
8574.100000015576
8615.300000014977
8732.300000013274
8763.800000012816
9579.600000000944
9675.599999999547
9749.499999998472
9766.399999998226
9903.59999999623
602.0000000001003
728.3999999999853
1611.3999999991822
1760.4999999990466
2599.000000000789
2962.00000000211
3591.0000000043983
3703.600000004808
3921.600000005601
4590.900000008036
4736.600000008566
5570.5000000116
5929.900000012907
6743.800000015868
6919.700000016508
7623.400000019068
7739.000000019489
7759.700000019564
7944.400000020236
8576.300000015544
8615.300000014977
8765.100000012797
9582.6000000009
9667.499999999663
9753.499999998414
9946.7999999956
731.3999999999826
1758.3999999990483
2603.7000000008065
2966.400000002126
3727.100000004893
3923.300000005607
4737.500000008569
5572.200000011606
5770.800000012328
6747.10000001588
6920.1000000165095
7738.600000019487
7755.700000019549
7975.500000020349
8576.800000015537
8624.100000014849
8763.800000012816
9583.500000000888
9750.799999998451
9793.299999997836
728.699999999985
851.6999999998732
1757.899999999049
1841.499999998973
2601.0000000007967
2731.2000000012704
2846.000000001688
3728.0000000048967
3840.4000000053056
4590.900000008036
4734.200000008557
4846.900000008967
5570.200000011599
5767.600000012317
6730.7000000158205
6767.0000000159525
6922.000000016516
7735.700000019477
7828.800000019815
8576.200000015546
8764.000000012813
9581.100000000924
9748.799999998482
9779.999999998028
589.0000000001121
728.8999999999849
870.1999999998563
1606.099999999187
1750.199999999056
1769.899999999038
1850.9999999989643
2597.900000000785
2729.600000001265
2975.1000000021577
3586.500000004382
3712.2000000048392
3770.10000000505
3853.000000005352
3928.6000000056265
4585.400000008016
4732.10000000855
5569.200000011595
5758.600000012284
5926.100000012893
6618.200000015411
6719.900000015781
6763.60000001594
6918.300000016503
7733.300000019468
7755.000000019547
7923.400000020159
8575.300000015559
8620.900000014895
8761.300000012852
8935.100000010323
9581.100000000924
9695.199999999262
9750.499999998456
9782.499999997992
584.4000000001163
726.499999999987
1599.599999999193
1746.0999999990595
1838.399999998976
2592.600000000766
2728.900000001262
2838.30000000166
3582.5000000043674
3709.60000000483
3748.400000004971
3835.200000005287
4581.400000008001
4727.100000008531
4742.400000008587
4839.0000000089385
5568.100000011591
5609.10000001174
5752.300000012261
6593.10000001532
6716.80000001577
6759.100000015924
6919.200000016506
7585.000000018928
7728.700000019451
7750.50000001953
7825.100000019802
8573.500000015585
8610.500000015047
8757.400000012909
9580.100000000935
9677.39999999952
9745.899999998524
9760.499999998312
9835.899999997217
582.8000000001177
729.3999999999844
1606.6999999991865
1758.3999999990483
1856.899999998959
2598.000000000786
2730.700000001269
3590.2000000043954
3718.8000000048633
3854.7000000053577
4588.900000008029
4735.400000008562
5570.800000011601
5768.300000012319
6722.20000001579
6765.500000015947
6920.20000001651
7736.100000019478
7781.100000019642
8576.60000001554
8620.000000014908
8763.600000012819
9582.6000000009
9748.499999998488
9779.699999998033
583.1000000001175
727.1999999999864
1604.3999999991886
1749.3999999990567
2597.900000000785
2729.400000001264
2969.3000000021366
3590.0000000043947
3690.6000000047607
3750.80000000498
3881.200000005454
3979.700000005813
4587.500000008024
4727.500000008533
5569.9000000115975
5756.500000012276
6613.200000015393
6716.500000015769
6764.200000015942
6921.000000016513
7720.800000019422
7752.800000019539
7978.1000000203585
8576.500000015541
8615.200000014978
8760.600000012862
9582.200000000908
9673.699999999577
9749.499999998472
9779.999999998028
9980.099999995116
587.6000000001134
727.2999999999863
875.1999999998518
1599.499999999193
1748.099999999058
1863.6999999989528
2594.500000000773
2729.700000001265
2963.100000002114
3582.8000000043685
3694.100000004773
3750.80000000498
3867.500000005404
3967.9000000057695
4580.300000007997
4729.300000008539
4993.800000009502
5568.000000011591
5684.800000012016
5764.600000012306
5963.300000013029
6594.500000015325
6716.70000001577
6763.50000001594
6919.600000016508
7587.100000018936
7729.700000019455
7754.500000019545
7965.200000020312
8573.90000001558
8615.000000014981
8699.100000013757
8763.900000012814
8969.400000009824
9580.100000000935
9661.499999999753
9748.799999998482
9769.399999998182
9903.299999996234
9974.199999995202
609.0000000000939
730.6999999999832
1612.399999999181
1763.299999999044
2598.4000000007877
2971.5000000021446
3591.200000004399
3730.100000004904
3929.400000005629
4591.000000008036
4738.300000008572
5571.800000011604
5929.7000000129065
6747.400000015881
6918.900000016505
7740.000000019492
7760.900000019568
7980.500000020367
8576.300000015544
8620.6000000149
8767.300000012765
9583.500000000888
9751.499999998445
585.0000000001157
727.9999999999857
1601.399999999191
1746.5999999990593
1845.899999998969
2596.5000000007803
2727.9000000012584
2969.9000000021388
3585.6000000043787
3693.600000004772
3749.500000004975
3851.300000005345
4583.400000008009
4725.800000008527
5568.600000011593
5757.100000012279
5927.8000000129
6605.800000015366
6712.900000015756
6761.700000015933
6918.700000016504
7592.000000018954
7718.500000019414
7753.20000001954
7943.000000020231
8574.300000015573
8614.40000001499
8758.0000000129
8934.400000010333
9580.100000000935
9662.699999999735
9747.999999998494
9761.499999998296
9944.899999995629
584.2000000001165
727.9999999999857
1610.6999999991829
1685.8999999991145
1757.2999999990495
2597.900000000785
2730.2000000012667
2966.700000002127
3588.9000000043907
3687.000000004748
3754.700000004994
3979.500000005812
4585.400000008016
4730.600000008544
5570.100000011598
5676.500000011985
5763.900000012303
6636.100000015476
6721.600000015787
6764.100000015942
6920.400000016511
7707.100000019373
7749.800000019528
7974.500000020345
8576.100000015547
8618.800000014926
8681.70000001401
8762.500000012835
9581.800000000912
9663.899999999718
9749.999999998465
9770.99999999816
604.500000000098
727.699999999986
1613.1999999991806
1757.4999999990494
1846.2999999989688
2597.3000000007837
2730.500000001268
2851.7000000017088
3585.3000000043776
3719.100000004864
3832.000000005275
3929.7000000056314
4584.600000008013
4733.300000008554
5568.8000000115935
5774.600000012342
5928.100000012901
6720.000000015782
6767.100000015953
6919.200000016506
7594.800000018964
7733.500000019469
7821.200000019788
7941.200000020224
8574.800000015566
8619.20000001492
8764.300000012809
9581.400000000918
9749.099999998478
9790.19999999788
9952.899999995512
588.000000000113
729.899999999984
1609.399999999184
1755.3999999990513
1847.299999998968
2598.600000000788
2729.700000001265
3584.800000004376
3702.200000004803
3771.000000005053
3875.000000005432
4582.900000008007
4731.100000008546
5568.500000011592
5761.400000012294
6713.200000015757
6763.400000015939
6920.700000016512
7590.90000001895
7717.900000019412
7754.300000019544
8573.300000015588
8620.100000014907
8724.40000001339
8765.500000012791
9580.100000000935
9675.299999999552
9751.299999998446
9796.599999997788
584.5000000001162
727.0999999999865
856.8999999998684
1597.5999999991948
1746.6999999990592
1770.4999999990375
1846.3999999989685
2593.3000000007687
2730.1000000012664
2972.6000000021486
3584.600000004375
3705.300000004814
3764.300000005029
3854.800000005358
3928.200000005625
4583.500000008009
4731.700000008548
4787.000000008749
5568.700000011593
5606.30000001173
5753.400000012265
5920.100000012872
6592.100000015316
6719.7000000157805
6762.200000015935
6917.700000016501
7586.300000018933
7731.10000001946
7753.500000019541
7962.600000020302
8574.50000001557
8610.700000015044
8760.10000001287
8784.200000012519
8932.700000010358
9579.500000000946
9662.99999999973
9746.19999999852
9760.099999998318
9902.19999999625
614.1000000000893
726.9999999999866
1611.1999999991824
1746.999999999059
1841.099999998973
2598.600000000788
2730.000000001266
2844.5000000016826
3588.200000004388
3720.200000004868
3839.5000000053024
4585.800000008017
4729.000000008538
4745.700000008599
5569.400000011596
5754.600000012269
5932.800000012918
6721.500000015787
6763.50000001594
6919.900000016509
7731.20000001946
7756.0000000195505
7844.300000019872
8575.90000001555
8621.000000014894
8760.700000012861
8911.30000001067
9582.100000000908
9745.299999998531
9771.099999998158
9893.099999996382
610.2000000000928
729.899999999984
1602.099999999191
1758.7999999990482
2596.900000000782
2735.6000000012864
2959.3000000021
3583.4000000043707
3711.1000000048352
3962.60000000575
4582.600000008006
4737.3000000085685
5569.000000011594
5775.600000012346
5958.800000013012
6609.50000001538
6746.000000015876
6919.400000016507
7593.400000018959
7738.000000019485
7760.700000019568
7966.200000020315
8573.500000015585
8613.800000014999
8763.900000012814
9580.400000000933
9750.099999998463
9961.29999999539
623.4000000000808
729.0999999999847
1603.7999999991891
1712.4999999990905
1760.7999999990463
1846.899999998968
2597.800000000785
2725.7000000012504
3589.4000000043925
3690.200000004759
3747.200000004967
3868.600000005408
4586.40000000802
4723.0000000085165
5569.600000011596
5755.300000012272
6617.400000015408
6710.600000015747
6760.4000000159285
6919.400000016507
7627.800000019084
7715.300000019402
7752.500000019538
8575.90000001555
8623.500000014858
8738.500000013184
8763.50000001282
8925.00000001047
9581.900000000913
9683.499999999432
9748.29999999849
9762.499999998285
9894.499999996362
582.2000000001183
726.1999999999873
1603.599999999189
1745.3999999990604
1844.4999999989705
2596.0000000007785
2726.400000001253
2969.5000000021373
3585.700000004379
3704.600000004812
3787.100000005112
3878.400000005444
4583.600000008009
4724.600000008522
5568.400000011592
5756.600000012277
5952.100000012988
6603.700000015359
6711.30000001575
6761.700000015933
6917.9000000165015
7592.700000018956
7717.40000001941
7752.700000019538
7991.200000020406
8574.50000001557
8613.900000014997
8722.400000013418
8767.00000001277
9580.100000000935
9669.89999999963
9747.699999998498
9770.29999999817
9902.099999996251
