1680.799999999119
2373.599999999969
3030.100000002358
3187.100000002929
3687.70000000475
4073.400000006153
5328.80000001072
6018.300000013229
6390.000000014581
6916.400000016496
7435.800000018386
1841.499999998973
2373.3999999999687
3030.200000002358
3187.0000000029286
4073.200000006153
4502.600000007715
5328.500000010719
6018.200000013228
6389.70000001458
6760.80000001593
6916.300000016496
7435.600000018385
2373.79999999997
4073.7000000061535
6916.600000016497
7436.000000018386
979.4999999997568
1596.399999999196
1841.1999999989728
2373.199999999968
2968.2000000021326
3029.600000002356
3186.800000002928
3687.8000000047514
4073.000000006152
4502.600000007715
5029.500000009632
5328.200000010718
6389.400000014579
6916.200000016495
7435.300000018384
8104.500000020818
4074.000000006156
6916.8000000164975
7436.300000018387
8599.900000015201
6917.700000016501
725.399999999988
979.0999999997572
1480.799999999301
1595.9999999991962
1680.799999999119
1839.9999999989743
2372.699999999966
2597.500000000784
3029.100000002354
3186.1000000029253
3687.400000004749
3915.000000005577
4072.900000006152
4502.200000007713
4832.700000008916
5028.800000009629
5327.900000010717
5445.500000011145
6017.4000000132255
6388.700000014576
6915.800000016494
7088.200000017121
7168.500000017413
7434.800000018382
8103.900000020816
8452.300000017349
1841.1999999989728
2372.9999999999677
3029.300000002355
3687.500000004749
4072.900000006152
4502.400000007714
5029.10000000963
5328.200000010718
6017.500000013226
6389.200000014578
6915.800000016494
7435.100000018383
8104.200000020817
9886.599999996475
1480.899999999301
1596.299999999196
1840.5999999989735
2372.7999999999665
2968.4000000021333
3029.300000002355
3186.300000002926
3687.400000004749
4072.700000006151
4502.200000007713
4832.600000008915
5028.900000009629
5328.100000010718
5445.700000011146
6017.500000013226
6388.900000014577
6915.900000016494
7088.400000017122
7434.900000018382
8104.000000020816
1840.9999999989732
2373.599999999969
3030.70000000236
4073.5000000061536
4832.600000008915
5328.60000001072
6018.400000013229
6916.700000016497
7435.900000018386
9830.0999999973
1480.5999999993012
1596.099999999196
1841.099999998973
2372.699999999966
2968.2000000021326
3028.9000000023534
3186.2000000029257
3686.800000004747
4072.50000000615
4502.0000000077125
5028.700000009629
5327.900000010717
6017.300000013225
6388.500000014576
6760.100000015927
6915.600000016493
7168.000000017411
7434.500000018381
8103.800000020816
9885.899999996487
6917.9000000165015
1480.9999999993008
1596.399999999196
1680.799999999119
1841.299999998973
2372.899999999967
3029.2000000023545
3687.400000004749
4072.900000006152
4502.300000007714
5029.00000000963
5328.100000010718
6017.300000013225
6388.800000014577
6915.800000016494
7088.500000017122
7435.000000018383
8104.100000020817
9037.70000000883
9886.199999996485
6404.500000014634
6917.700000016501
1841.1999999989728
4074.000000006156
6916.700000016497
8598.700000015218
4074.100000006156
6916.700000016497
7436.400000018388
8599.900000015201
725.399999999988
978.9999999997574
1480.699999999301
1595.7999999991964
1840.199999998974
2372.599999999966
2597.400000000784
2968.2000000021326
3029.0000000023538
3687.200000004748
4072.900000006152
4502.0000000077125
4832.300000008914
5327.900000010717
5445.400000011145
6017.200000013225
6388.600000014576
6915.7000000164935
7088.100000017121
7168.100000017412
7434.600000018381
8103.800000020816
4074.400000006157
6917.100000016499
7436.800000018389
8599.900000015201
725.399999999988
978.7999999997576
1480.699999999301
1596.099999999196
1680.3999999991197
1841.099999998973
2372.699999999966
3028.500000002352
3186.1000000029253
3687.000000004748
4073.400000006153
4502.200000007713
5328.0000000107175
5445.400000011145
6017.100000013224
6388.500000014576
6915.600000016493
7088.200000017121
7168.500000017413
7434.700000018382
7753.900000019543
8103.900000020816
8452.300000017349
9885.899999996487
4073.900000006155
6916.700000016497
1841.399999998973
2968.900000002135
3029.600000002356
4073.900000006155
4292.900000006952
5029.10000000963
5328.60000001072
6017.700000013227
6916.200000016495
7435.600000018385
8104.600000020819
725.1999999999882
978.8999999997576
1480.4999999993013
1595.9999999991962
1680.0999999991195
1840.7999999989736
2029.1999999988025
2372.399999999965
3028.400000002352
3687.000000004748
3839.5000000053024
4073.300000006153
4410.60000000738
5028.900000009629
5328.300000010719
5445.200000011144
6017.000000013224
6388.200000014575
6760.80000001593
6915.600000016493
7088.300000017121
7168.3000000174125
7434.500000018381
8103.700000020815
8576.300000015544
9036.900000008842
9633.000000000167
9885.799999996489
111.10000000009585
351.3000000001456
724.7999999999886
802.2999999999181
978.8999999997576
1339.7999999994292
1595.6999999991965
1679.89999999912
1840.4999999989736
2028.9999999988024
2372.099999999964
2597.500000000784
3028.300000002351
3686.800000004747
4021.8000000059656
4072.700000006151
5028.800000009629
5328.400000010719
5444.800000011142
5565.5000000115815
6016.800000013223
6387.900000014573
6759.900000015927
6915.300000016492
7087.80000001712
7167.70000001741
7434.100000018379
7753.300000019541
8103.400000020814
8452.000000017353
8576.100000015547
9036.600000008846
9089.000000008084
9632.700000000172
9738.999999998625
9998.699999994846
6917.800000016501
6920.400000016511
8616.700000014956
351.3000000001456
724.5999999999888
978.9999999997574
1595.6999999991965
1680.2999999991196
2028.8999999988023
2371.999999999964
2597.400000000784
3028.200000002351
3686.900000004747
4072.900000006152
4410.200000007379
4832.100000008913
5028.200000009627
5328.500000010719
5444.900000011143
5565.600000011582
5752.00000001226
6016.900000013224
6073.800000013431
6387.900000014573
6760.300000015928
6915.400000016492
7087.90000001712
7167.900000017411
7753.20000001954
8103.400000020814
8451.900000017355
8576.000000015549
9036.500000008848
9089.100000008082
9632.700000000172
9738.999999998625
9886.499999996478
4074.400000006157
6917.300000016499
8599.800000015202
9838.899999997171
724.6999999999887
978.9999999997574
1339.8999999994292
1480.3999999993014
1595.4999999991967
1680.2999999991196
2372.1999999999643
2597.3000000007837
2967.800000002131
3028.300000002351
3686.900000004747
4073.000000006152
4410.400000007379
4832.100000008913
5028.300000009627
5328.500000010719
5445.000000011143
5565.600000011582
6016.900000013224
6073.800000013431
6388.000000014574
6760.500000015929
6915.500000016493
7088.00000001712
7167.900000017411
7434.30000001838
7753.400000019541
8103.500000020815
8452.100000017352
8576.000000015549
9036.700000008845
9089.20000000808
9633.100000000166
9739.099999998623
9886.599999996475
4074.000000006156
6916.700000016497
7436.300000018387
6917.9000000165015
2377.099999999982
2373.599999999969
2968.300000002133
4073.600000006154
5328.900000010721
6916.600000016497
7435.900000018386
8599.500000015207
1841.299999998973
2373.3999999999687
2968.7000000021344
3029.7000000023563
4073.300000006153
4502.600000007715
5328.500000010719
6017.700000013227
6916.300000016496
7435.600000018385
1841.399999998973
4074.300000006157
6916.900000016498
7436.600000018388
726.0999999999874
1596.7999999991955
1841.499999998973
2373.3999999999687
3029.8000000023567
3687.900000004751
4073.100000006152
5029.600000009632
5328.400000010719
6018.000000013228
6389.60000001458
6916.400000016496
7435.500000018384
9633.700000000155
4833.200000008917
6917.6000000165
8599.900000015201
110.70000000009586
351.0000000001455
602.4000000000999
724.299999999989
802.4999999999179
978.7999999997576
1380.599999999392
1595.4999999991967
1679.4999999991203
1840.4999999989736
2028.399999998803
2371.599999999962
2968.300000002133
3028.500000002352
3686.4000000047454
3914.3000000055754
4021.400000005964
4072.700000006151
4409.9000000073775
5028.400000009628
5328.400000010719
5444.500000011141
5565.20000001158
5751.700000012259
6016.3000000132215
6073.2000000134285
6387.600000014572
6587.300000015299
6760.100000015927
6915.100000016491
7018.600000016868
7087.80000001712
7167.50000001741
7434.800000018382
7752.800000019539
8103.100000020813
8156.700000021008
8452.000000017353
9089.20000000808
9738.499999998632
9998.099999994854
2373.499999999969
2968.7000000021344
3029.600000002356
4073.5000000061536
4502.700000007715
5029.400000009631
5328.60000001072
6017.4000000132255
6916.500000016496
7435.600000018385
2373.79999999997
2968.8000000021348
3187.5000000029304
4073.7000000061535
5328.900000010721
6916.500000016496
7436.000000018386
8599.600000015205
1495.6999999992877
1687.9999999991126
2969.0000000021355
4989.500000009486
5349.600000010796
6920.700000016512
7973.800000020343
8615.600000014972
8679.400000014044
9660.89999999976
9984.399999995054
1681.1999999991187
2373.69999999997
3687.8000000047514
4073.5000000061536
4502.800000007715
5328.80000001072
6390.000000014581
6916.8000000164975
7435.800000018386
1596.999999999195
4074.200000006156
6917.200000016499
8598.800000015217
6917.000000016498
8600.200000015197
4074.300000006157
6916.900000016498
8600.300000015195
2373.79999999997
3687.500000004749
4073.8000000061543
4502.800000007715
6916.400000016496
7435.900000018386
8599.600000015205
6404.400000014633
6917.5000000165
8600.400000015194
1841.5999999989729
4073.900000006155
5329.1000000107215
6916.500000016496
2373.8999999999705
4073.900000006155
5329.000000010721
6916.600000016497
7436.100000018387
1841.299999998973
2373.499999999969
2968.900000002135
4073.400000006153
4502.700000007715
5328.60000001072
6018.400000013229
6916.300000016496
7435.700000018385
8599.400000015208
3030.9000000023607
4073.900000006155
6916.700000016497
7436.300000018387
8599.800000015202
725.5999999999879
979.2999999997572
1481.0999999993007
1596.7999999991955
1841.299999998973
2030.3999999988007
2373.099999999968
3029.4000000023552
3186.5000000029268
3687.70000000475
4072.900000006152
4502.500000007714
5029.200000009631
5328.200000010718
6017.800000013227
6389.200000014578
6916.100000016495
7435.200000018383
8104.300000020818
9886.599999996475
2373.79999999997
3030.60000000236
3688.200000004752
4073.8000000061543
5329.1000000107215
6917.000000016498
7436.200000018387
725.6999999999878
979.0999999997572
1480.899999999301
1595.9999999991962
1841.099999998973
2372.7999999999665
2597.7000000007847
2968.100000002132
3029.4000000023552
3687.3000000047487
4072.700000006151
4502.100000007713
5029.10000000963
5328.0000000107175
6017.500000013226
6389.000000014577
6915.900000016494
7088.400000017122
7434.900000018382
8104.100000020817
9632.80000000017
9886.099999996484
6917.000000016498
978.6999999997576
1480.5999999993012
1595.9999999991962
1680.4999999991194
1840.7999999989736
2372.599999999966
3028.400000002352
3185.900000002925
3686.800000004747
4073.600000006154
4501.900000007712
5028.300000009627
5327.800000010717
5445.300000011144
5565.20000001158
6016.500000013222
6915.500000016493
7168.200000017412
7434.500000018381
8103.800000020816
8452.20000001735
9036.900000008842
9739.39999999862
9886.099999996484
2968.7000000021344
6404.200000014633
6917.300000016499
4074.000000006156
6761.100000015931
6916.500000016496
8599.900000015201
2970.500000002141
6921.600000016515
7977.000000020354
8651.200000014454
9782.299999997997
8619.90000001491
6917.800000016501
725.6999999999878
1596.299999999196
1840.8999999989733
2029.2999999988024
2372.899999999967
2968.300000002133
3028.9000000023534
3687.70000000475
3839.600000005303
3915.000000005577
4073.900000006155
4502.400000007714
5328.100000010718
5565.400000011581
6017.000000013224
6389.000000014577
6915.600000016493
7435.100000018383
6404.800000014635
6917.5000000165
4074.100000006156
6916.8000000164975
8599.700000015204
6918.100000016502
1841.799999998973
2373.69999999997
2969.100000002136
3030.200000002358
3187.5000000029304
4073.7000000061535
4503.000000007716
5328.900000010721
6018.000000013228
6916.8000000164975
7435.900000018386
725.2999999999881
979.1999999997572
1596.4999999991958
1680.4999999991194
1841.1999999989728
2372.899999999967
3028.800000002353
3186.300000002926
3687.000000004748
4073.100000006152
4502.200000007713
5028.900000009629
5328.100000010718
6017.4000000132255
6388.900000014577
6915.7000000164935
7088.400000017122
7168.700000017414
7434.800000018382
7753.8000000195425
8104.100000020817
8452.600000017344
9037.500000008831
9739.699999998616
9886.29999999648
6404.500000014634
6917.300000016499
9785.499999997948
6917.700000016501
725.7999999999877
978.7999999997576
1596.199999999196
1840.7999999989736
2372.899999999967
2968.300000002133
3028.6000000023523
3687.6000000047497
4021.900000005966
4074.000000006156
4502.300000007714
4832.900000008916
5028.500000009628
5328.100000010718
5565.20000001158
6016.200000013221
6388.900000014577
6915.800000016494
7434.900000018382
8104.000000020816
9886.29999999648
1681.2999999991189
2968.900000002135
3030.400000002359
3687.6000000047497
4073.600000006154
4502.700000007715
5328.80000001072
6018.000000013228
6916.8000000164975
7435.900000018386
2971.600000002145
7976.500000020353
6917.6000000165
725.6999999999878
978.8999999997576
1480.699999999301
1596.099999999196
1680.799999999119
1840.7999999989736
2372.499999999965
3028.800000002353
3687.3000000047487
3839.400000005302
4073.300000006153
4502.100000007713
5327.900000010717
5445.400000011145
6017.200000013225
6388.500000014576
6915.7000000164935
7168.3000000174125
7434.600000018381
8103.800000020816
8452.300000017349
8576.200000015546
9037.200000008836
9886.099999996484
6403.800000014631
6916.900000016498
725.7999999999877
979.2999999997572
1480.899999999301
1596.299999999196
1841.499999998973
2372.899999999967
3029.300000002355
3687.400000004749
4072.700000006151
4502.300000007714
5029.10000000963
5328.100000010718
6017.600000013226
6388.700000014576
6760.80000001593
6915.800000016494
7088.500000017122
7168.600000017414
7435.000000018383
8104.200000020817
9885.899999996487
657.5000000000498
9776.299999998082
9783.599999997976
6404.600000014634
6917.6000000165
351.8000000001457
724.8999999999885
979.1999999997572
1595.7999999991964
1680.2999999991196
1840.8999999989733
2029.399999998802
2372.1999999999643
2597.6000000007843
3028.500000002352
3686.900000004747
3914.9000000055767
4073.100000006152
4501.900000007712
5029.00000000963
5328.500000010719
5445.100000011144
6017.100000013224
6265.700000014129
6387.900000014573
6760.600000015929
6915.500000016493
7087.80000001712
7167.900000017411
7434.4000000183805
8103.600000020815
9036.900000008842
9089.400000008078
9633.000000000167
9739.199999998622
6404.500000014634
6917.300000016499
2968.900000002135
3030.5000000023592
3187.40000000293
3688.000000004751
4073.600000006154
4502.700000007715
5328.80000001072
6018.5000000132295
6916.700000016497
7435.700000018385
4073.900000006155
6916.600000016497
8599.800000015202
6403.900000014632
6917.100000016499
8599.600000015205
8618.200000014935
8687.600000013925
9663.499999999724
3688.000000004751
4073.900000006155
6916.400000016496
7436.100000018387
724.8999999999885
802.0999999999183
979.0999999997572
1094.4999999996523
1339.7999999994292
1595.7999999991964
1680.0999999991195
1756.2999999990504
1840.5999999989735
2029.0999999988023
2597.500000000784
3028.300000002351
3686.7000000047465
3914.700000005576
4073.000000006152
4501.700000007711
5028.300000009627
5328.400000010719
5444.900000011143
5565.600000011582
5751.400000012258
6016.800000013223
6387.900000014573
6759.200000015924
6915.200000016492
7087.500000017119
7167.60000001741
7434.20000001838
7752.600000019538
8103.400000020814
8451.900000017355
9632.900000000169
9738.799999998628
6917.700000016501
2373.599999999969
2968.900000002135
4073.400000006153
4502.800000007715
5328.60000001072
6916.300000016496
7435.700000018385
3849.2000000053376
7848.800000019888
9837.099999997195
1841.099999998973
2968.900000002135
3030.100000002358
3187.100000002929
4073.300000006153
4502.600000007715
5328.60000001072
6018.300000013229
6916.200000016495
7435.600000018385
725.499999999988
978.7999999997576
1480.699999999301
1596.199999999196
1840.9999999989732
2029.6999999988016
2372.599999999966
3028.6000000023523
3687.400000004749
4073.5000000061536
4502.100000007713
5029.10000000963
5328.0000000107175
5445.500000011145
6017.100000013224
6388.500000014576
6915.7000000164935
7088.100000017121
7168.500000017413
7434.800000018382
8103.900000020816
8452.300000017349
9037.400000008834
9885.999999996486
6404.7000000146345
6917.6000000165
3187.700000002931
4073.7000000061535
5328.900000010721
6916.700000016497
7436.100000018387
8599.30000001521
6917.5000000165
725.0999999999883
978.4999999997578
1595.8999999991963
1680.2999999991196
1840.6999999989737
2029.1999999988025
2372.2999999999647
2597.7000000007847
3028.300000002351
3687.000000004748
3839.400000005302
4073.200000006153
4410.50000000738
4833.200000008917
5028.700000009629
5328.400000010719
5445.100000011144
6016.900000013224
6388.100000014574
6915.400000016492
7088.300000017121
7168.000000017411
7434.4000000183805
7753.500000019541
7961.600000020298
8103.600000020815
8452.000000017353
8576.100000015547
9739.39999999862
9783.699999997974
725.499999999988
1480.699999999301
1596.299999999196
1680.6999999991192
1841.099999998973
2372.499999999965
3028.9000000023534
3687.100000004748
4073.300000006153
4502.200000007713
5028.800000009629
5327.900000010717
5445.500000011145
6017.500000013226
6388.300000014575
6760.200000015928
6915.600000016493
7088.200000017121
7168.400000017413
7434.700000018382
7753.500000019541
8103.900000020816
8576.500000015541
9037.300000008836
9885.899999996487
725.0999999999883
978.6999999997576
1595.7999999991964
1680.2999999991196
1840.7999999989736
2029.399999998802
2372.399999999965
2597.500000000784
3028.400000002352
3839.600000005303
4073.200000006153
5028.700000009629
5328.400000010719
5445.100000011144
6017.100000013224
6388.200000014575
6760.600000015929
6915.500000016493
7087.700000017119
7167.900000017411
7434.500000018381
8103.600000020815
8452.000000017353
8576.200000015546
9037.00000000884
9632.900000000169
9886.29999999648
2373.69999999997
2968.900000002135
3030.60000000236
4073.5000000061536
5328.70000001072
6018.5000000132295
6916.500000016496
7435.900000018386
725.499999999988
979.4999999997568
1380.799999999392
1480.9999999993008
1680.899999999119
1841.299999998973
2373.099999999968
2968.5000000021337
3029.4000000023552
3687.500000004749
3915.4000000055785
4073.000000006152
4502.500000007714
5328.300000010719
6017.600000013226
6389.200000014578
6915.7000000164935
7435.200000018383
8104.300000020818
9886.39999999648
725.499999999988
979.4999999997568
1480.9999999993008
1595.9999999991962
1840.4999999989736
2372.7999999999665
2597.6000000007843
2968.4000000021333
3029.300000002355
3186.300000002926
3687.6000000047497
4073.300000006153
4502.400000007714
4832.700000008916
5028.900000009629
5327.900000010717
6017.500000013226
6388.900000014577
6915.900000016494
7088.400000017122
7435.000000018383
8104.100000020817
9633.300000000165
9886.39999999648
2373.999999999971
3187.6000000029308
4073.900000006155
6916.500000016496
7436.200000018387
3687.8000000047514
6916.500000016496
8599.700000015204
6917.100000016499
4073.7000000061535
5328.80000001072
6916.8000000164975
7436.100000018387
8599.000000015214
6916.8000000164975
7436.700000018389
6917.5000000165
3688.500000004753
4073.7000000061535
4503.000000007716
6917.000000016498
8599.700000015204
1841.099999998973
2373.69999999997
3030.8000000023603
4073.400000006153
4833.100000008917
5328.60000001072
6018.60000001323
6916.500000016496
7435.700000018385
6916.8000000164975
6403.800000014631
6916.700000016497
1841.5999999989729
4073.900000006155
5328.900000010721
6916.700000016497
7436.100000018387
8599.200000015211
6917.4000000165
1841.1999999989728
2373.2999999999683
2968.600000002134
3029.500000002356
3687.8000000047514
4073.200000006153
4292.50000000695
4502.500000007714
5029.200000009631
5328.400000010719
6017.800000013227
6916.100000016495
7435.200000018383
8104.500000020818
9886.699999996476
724.399999999989
978.8999999997576
1094.1999999996526
1595.6999999991965
1679.1999999991206
1840.5999999989735
2371.999999999964
2597.400000000784
2968.000000002132
3028.400000002352
3686.4000000047454
3838.5000000052983
3914.400000005575
4021.500000005965
4073.000000006152
4410.000000007378
4832.600000008915
5028.200000009627
5328.500000010719
5444.700000011142
5565.5000000115815
6016.400000013222
6073.60000001343
6387.800000014573
6760.500000015929
6915.300000016492
7088.200000017121
7167.70000001741
7695.000000019329
7753.20000001954
8103.400000020814
8452.100000017352
8576.000000015549
9632.600000000171
9738.799999998628
9885.69999999649
9998.199999994851
725.5999999999879
978.9999999997574
1596.199999999196
1680.2999999991196
1840.9999999989732
2372.699999999966
2472.70000000033
3028.7000000023527
3687.000000004748
4073.300000006153
5029.00000000963
5327.900000010717
6017.700000013227
6388.600000014576
6915.7000000164935
7088.00000001712
7168.3000000174125
7434.700000018382
8103.900000020816
8452.400000017347
9885.899999996487
9784.099999997969
725.6999999999878
1480.799999999301
1596.5999999991957
1679.9999999991198
1841.299999998973
2029.9999999988013
2372.899999999967
3028.800000002353
3186.4000000029264
3686.900000004747
4073.600000006154
4502.400000007714
5029.00000000963
5328.200000010718
5445.800000011146
6017.300000013225
6388.900000014577
6761.000000015931
6916.000000016495
7088.200000017121
7168.900000017415
7434.900000018382
8104.100000020817
9886.29999999648
726.1999999999873
1381.0999999993917
2373.499999999969
2969.0000000021355
3187.2000000029293
4073.5000000061536
4293.000000006952
4503.000000007716
4833.300000008918
5328.70000001072
6018.200000013228
6389.70000001458
6916.300000016496
7435.700000018385
4074.400000006157
6917.300000016499
7436.700000018389
8600.200000015197
1380.799999999392
2373.2999999999683
3029.4000000023552
3186.800000002928
3687.900000004751
4073.200000006153
4502.400000007714
5328.400000010719
6017.800000013227
6916.400000016496
7435.400000018384
8104.600000020819
9886.29999999648
4074.6000000061576
6917.4000000165
1680.999999999119
3688.100000004752
4074.200000006156
6916.8000000164975
7436.300000018387
8600.0000000152
2373.599999999969
2968.300000002133
4073.600000006154
4502.700000007715
5328.70000001072
6916.000000016495
7435.600000018385
8599.100000015213
725.499999999988
978.8999999997576
1596.199999999196
1679.9999999991198
1840.8999999989733
2372.699999999966
3028.6000000023523
3686.7000000047465
4073.300000006153
4502.0000000077125
5028.800000009629
5327.900000010717
6017.200000013225
6388.700000014576
6915.7000000164935
7088.100000017121
7168.200000017412
7434.600000018381
8103.900000020816
8452.400000017347
9886.199999996485
2968.5000000021337
4073.600000006154
4502.800000007715
6916.500000016496
7435.700000018385
8599.500000015207
1840.6999999989737
4073.900000006155
5328.80000001072
6916.600000016497
7435.800000018386
8599.100000015213
9780.799999998017
8625.800000014824
6917.9000000165015
1847.4999999989675
6852.100000016262
6916.8000000164975
7436.300000018387
8599.800000015202
979.2999999997572
1480.9999999993008
1596.4999999991958
1680.799999999119
1841.099999998973
2372.899999999967
3029.300000002355
3687.400000004749
4072.800000006151
4502.200000007713
5029.00000000963
5328.0000000107175
6017.600000013226
6389.000000014577
6916.000000016495
7435.000000018383
8104.100000020817
9886.39999999648
1841.299999998973
6917.700000016501
111.10000000009585
351.4000000001456
724.5999999999888
978.6999999997576
1339.7999999994292
1595.6999999991965
1680.2999999991196
1840.0999999989745
2028.9999999988024
2371.999999999964
2597.500000000784
3028.300000002351
3686.900000004747
3838.4000000052974
3914.600000005576
4072.900000006152
4410.200000007379
4832.300000008914
5028.300000009627
5328.70000001072
5444.800000011142
5565.600000011582
6016.900000013224
6073.60000001343
6387.800000014573
6759.800000015926
6915.400000016492
7087.90000001712
7167.800000017411
7434.20000001838
7753.300000019541
8103.400000020814
8452.20000001735
9036.600000008846
9089.000000008084
9738.899999998626
9885.899999996487
9998.599999994847
724.7999999999886
978.9999999997574
1094.4999999996523
1595.8999999991963
1679.79999999912
1840.6999999989737
2028.9999999988024
2372.1999999999643
2597.7000000007847
3028.300000002351
3686.800000004747
3839.100000005301
3914.700000005576
4021.8000000059656
4073.100000006152
4410.300000007379
4833.000000008917
5028.800000009629
5328.60000001072
5445.000000011143
5565.700000011582
6016.900000013224
6388.100000014574
6760.70000001593
6915.400000016492
7088.200000017121
7167.900000017411
7436.600000018388
7753.400000019541
8103.500000020815
8451.900000017355
8576.000000015549
9089.20000000808
9739.199999998622
725.499999999988
978.8999999997576
1595.8999999991963
1840.399999998974
2372.7999999999665
2597.7000000007847
2968.300000002133
3028.9000000023534
3186.300000002926
3687.3000000047487
4073.400000006153
4502.300000007714
4832.700000008916
5028.600000009628
5327.800000010717
5445.400000011145
6017.200000013225
6388.700000014576
6837.200000016208
6915.800000016494
7168.600000017414
7434.700000018382
8104.000000020816
8452.300000017349
724.6999999999887
802.2999999999181
978.9999999997574
1094.3999999996524
1595.6999999991965
1680.2999999991196
2028.9999999988024
2372.099999999964
2597.500000000784
3028.300000002351
3686.900000004747
4021.8000000059656
4072.700000006151
4263.200000006844
4832.000000008913
5028.300000009627
5328.500000010719
5444.900000011143
5751.90000001226
6016.800000013223
6073.60000001343
6387.900000014573
6760.000000015927
6915.300000016492
7087.80000001712
7167.800000017411
7434.20000001838
8103.500000020815
8451.800000017356
9089.000000008084
9632.900000000169
9738.799999998628
351.60000000014566
724.9999999999884
978.9999999997574
1094.4999999996523
1595.7999999991964
1680.1999999991197
1840.7999999989736
2029.0999999988023
2372.1999999999643
2967.9000000021315
3028.500000002352
3686.800000004747
3839.600000005303
3914.700000005576
4073.100000006152
4410.400000007379
5028.400000009628
5328.70000001072
5445.000000011143
6017.000000013224
6388.000000014574
6760.300000015928
6915.400000016492
7087.700000017119
7167.900000017411
7434.4000000183805
7753.400000019541
8103.500000020815
8452.000000017353
8576.000000015549
9036.700000008845
9089.20000000808
9632.600000000171
9739.199999998622
4074.400000006157
6916.900000016498
8600.100000015198
4074.000000006156
6916.900000016498
8599.600000015205
6404.600000014634
6917.5000000165
725.2999999999881
978.8999999997576
1480.699999999301
1596.099999999196
1680.6999999991192
1840.4999999989736
2029.399999998802
2372.599999999966
2968.2000000021326
3028.800000002353
3687.200000004748
3914.800000005576
4073.400000006153
4410.400000007379
4502.0000000077125
4832.4000000089145
5028.400000009628
5327.900000010717
5445.400000011145
6017.4000000132255
6388.400000014575
6915.500000016493
7168.3000000174125
7434.700000018382
8103.800000020816
8452.300000017349
110.50000000009588
723.9999999999893
802.0999999999183
924.499999999807
978.5999999997578
1094.1999999996526
1337.3999999994314
1380.0999999993926
1595.2999999991969
1679.5999999991202
2028.299999998803
2064.3999999988446
2371.0999999999603
2463.8000000002976
2597.1000000007825
2726.5000000012533
2822.7000000016037
2968.5000000021337
3028.400000002352
3423.7000000037897
3687.400000004749
4021.100000005963
4072.200000006149
4262.000000006839
4292.200000006949
4409.600000007376
4831.20000000891
5027.900000009626
5327.400000010715
5565.00000001158
5751.500000012258
6016.3000000132215
6072.800000013427
6149.500000013706
6387.400000014572
6831.000000016185
6915.7000000164935
7087.500000017119
7167.400000017409
7434.500000018381
7619.900000019055
7753.00000001954
8156.200000021006
8451.700000017358
8599.900000015201
9088.900000008083
9525.500000001732
9632.700000000172
9738.399999998634
9829.39999999731
9886.499999996478
9997.599999994862
1680.4999999991194
1841.1999999989728
2372.9999999999677
3029.300000002355
3687.200000004748
4072.900000006152
5029.10000000963
5328.200000010718
6017.500000013226
6389.100000014578
6915.800000016494
7088.6000000171225
7435.000000018383
8104.200000020817
9886.39999999648
6917.6000000165
8600.100000015198
4074.500000006157
6917.200000016499
7436.800000018389
725.399999999988
979.0999999997572
1480.799999999301
1596.199999999196
1840.7999999989736
2029.5999999988016
2372.699999999966
2968.300000002133
3029.0000000023538
3687.400000004749
3839.3000000053016
4073.5000000061536
4502.200000007713
4833.000000008917
5028.600000009628
5328.0000000107175
5445.500000011145
6017.300000013225
6388.600000014576
6915.800000016494
7088.200000017121
7168.600000017414
7434.800000018382
8103.900000020816
9739.699999998616
9886.799999996474
9783.29999999798
724.9999999999884
979.0999999997572
1480.699999999301
1596.099999999196
1680.799999999119
1840.299999998974
2372.499999999965
3028.800000002353
3687.200000004748
3914.700000005576
4073.300000006153
4502.0000000077125
4832.000000008913
5028.400000009628
5327.900000010717
5445.300000011144
5565.600000011582
6017.300000013225
6388.100000014574
6915.600000016493
7088.00000001712
7168.3000000174125
7434.600000018381
7753.700000019542
8103.800000020816
8452.500000017346
9886.899999996473
1596.399999999196
1840.8999999989733
2372.9999999999677
3029.2000000023545
3687.400000004749
4072.800000006151
4502.300000007714
5029.00000000963
5328.100000010718
6017.500000013226
6389.000000014577
6915.900000016494
7434.900000018382
8104.100000020817
8576.300000015544
9886.499999996478
2376.799999999981
6918.200000016503
726.1999999999873
1380.699999999392
1840.399999998974
2373.199999999968
3029.900000002357
3186.800000002928
3687.900000004751
4073.000000006152
4832.500000008915
5029.400000009631
5328.400000010719
6017.900000013227
6389.3000000145785
6916.200000016495
7435.300000018384
8104.400000020818
979.4999999997568
1380.799999999392
1679.9999999991198
1841.499999998973
2373.099999999968
3029.600000002356
3687.000000004748
4072.900000006152
4502.400000007714
5029.300000009631
5328.300000010719
6017.800000013227
6389.200000014578
6916.400000016496
7435.200000018383
979.6999999997568
1481.0999999993007
1681.1999999991187
1841.5999999989729
2373.199999999968
3029.500000002356
3687.8000000047514
4073.100000006152
4502.500000007714
5328.400000010719
6389.400000014579
6916.100000016495
7435.400000018384
8104.500000020818
9886.39999999648
6917.000000016498
8599.500000015207
725.7999999999877
979.2999999997572
1596.6999999991956
1680.3999999991197
1841.1999999989728
2372.9999999999677
2968.100000002132
3029.100000002354
3186.5000000029268
3686.900000004747
4072.900000006152
4502.300000007714
5028.900000009629
5328.100000010718
6017.300000013225
6389.100000014578
6915.800000016494
7434.900000018382
8104.200000020817
4074.200000006156
6916.900000016498
7436.500000018388
8599.900000015201
6404.400000014633
1596.399999999196
1840.9999999989732
2373.099999999968
3029.8000000023567
3687.900000004751
4073.000000006152
4502.400000007714
5328.200000010718
6017.900000013227
6389.400000014579
6916.100000016495
7435.200000018383
1596.4999999991958
1841.299999998973
2372.9999999999677
2968.5000000021337
3029.300000002355
3687.3000000047487
4072.800000006151
4502.400000007714
5029.10000000963
5328.200000010718
6017.700000013227
6389.000000014577
6761.5000000159325
6915.900000016494
7435.000000018383
8104.200000020817
8452.700000017343
2373.099999999968
3029.600000002356
3687.3000000047487
4073.100000006152
5328.300000010719
6017.700000013227
6916.100000016495
7435.300000018384
9885.899999996487
725.0999999999883
978.9999999997574
1595.7999999991964
1680.5999999991193
1840.6999999989737
2029.0999999988023
2372.1999999999643
2597.7000000007847
3028.400000002352
3687.000000004748
3839.200000005301
3914.800000005576
4073.200000006153
4501.800000007712
4833.100000008917
5028.300000009627
5328.300000010719
5445.000000011143
6016.900000013224
6388.100000014574
6760.500000015929
6915.400000016492
7087.700000017119
7167.70000001741
7434.30000001838
7753.700000019542
8103.500000020815
8451.900000017355
9036.700000008845
9633.300000000165
9739.29999999862
6403.800000014631
6917.200000016499
8599.900000015201
1381.0999999993917
2373.199999999968
3029.8000000023567
3186.900000002928
3687.70000000475
4073.200000006153
4502.700000007715
5029.600000009632
5328.400000010719
6018.100000013228
6389.60000001458
6916.400000016496
7435.500000018384
8104.600000020819
725.0999999999883
978.5999999997578
1595.7999999991964
1680.1999999991197
1840.6999999989737
2029.399999998802
2372.2999999999647
3028.200000002351
3686.800000004747
3839.200000005301
4073.000000006152
4501.800000007712
4833.100000008917
5028.700000009629
5328.100000010718
5445.000000011143
6017.000000013224
6388.100000014574
6760.300000015928
6915.400000016492
7087.700000017119
7167.70000001741
7434.30000001838
7753.400000019541
8103.500000020815
8451.900000017355
9036.900000008842
9739.099999998623
9885.999999996486
4074.500000006157
6916.700000016497
7436.700000018389
2373.599999999969
2969.100000002136
4073.5000000061536
5328.70000001072
6916.400000016496
7435.700000018385
8599.400000015208
1841.1999999989728
2373.3999999999687
2968.7000000021344
3029.900000002357
3187.100000002929
4073.300000006153
4502.400000007714
5328.500000010719
6017.700000013227
6916.100000016495
7435.400000018384
6917.800000016501
4074.000000006156
6916.300000016496
8599.900000015201
6917.300000016499
979.399999999757
1596.399999999196
1840.8999999989733
2372.9999999999677
2968.100000002132
3029.300000002355
3186.5000000029268
3687.500000004749
4072.800000006151
4502.200000007713
4833.200000008917
5029.10000000963
5328.100000010718
6017.600000013226
6389.100000014578
6916.000000016495
7435.000000018383
8104.200000020817
9886.199999996485
