788.6999999999305
800.19999999992
831.7999999998913
1793.8999999990162
1806.0999999990047
2797.0000000015098
2815.4000000015767
3797.200000005149
3808.900000005191
4799.600000008795
4819.300000008867
5802.800000012445
5818.1000000125005
6802.400000016081
6813.300000016121
7801.200000019715
7812.200000019755
8803.900000012232
8813.300000012096
9803.499999997686
9813.399999997542
9830.69999999729
1989.899999998838
3970.80000000578
642.0000000000639
1638.6999999991574
1651.8999999991454
2649.600000000973
3660.1000000046497
5656.600000011913
5679.400000011996
8652.000000014443
671.1000000000374
681.8000000000277
4860.800000009018
4894.000000009139
6843.30000001623
627.1000000000774
636.0000000000693
647.2000000000592
752.9999999999629
764.0999999999528
834.1999999998891
6652.800000015537
829.899999999893
841.999999999882
786.6999999999323
807.6999999999132
1815.6999999989964
2823.8000000016077
3818.9000000052274
5819.400000012505
7816.900000019772
7825.200000019802
8843.500000011656
9815.299999997516
9823.89999999739
