726.1999999999873
1381.3999999993914
1841.799999998973
2373.499999999969
3687.8000000047514
4073.400000006153
4292.800000006951
5029.900000009633
5328.70000001072
6018.400000013229
6389.900000014581
6916.500000016496
7435.800000018386
3187.0000000029286
3688.300000004752
4073.200000006153
4292.800000006951
4502.600000007715
5328.500000010719
6018.100000013228
6916.400000016496
7435.600000018385
2373.79999999997
2969.100000002136
3187.6000000029308
4073.7000000061535
6916.400000016496
7435.900000018386
8599.600000015205
725.399999999988
1480.9999999993008
1596.999999999195
1840.9999999989732
2373.199999999968
3029.7000000023563
3186.800000002928
3687.900000004751
3839.600000005303
4073.000000006152
4502.600000007715
4833.400000008918
5328.400000010719
6018.000000013228
6389.3000000145785
6916.200000016495
7435.300000018384
8104.500000020818
9886.699999996476
4074.000000006156
6916.200000016495
7436.400000018388
8599.600000015205
6917.4000000165
724.7999999999886
978.7999999997576
1480.699999999301
1596.299999999196
1680.6999999991192
1840.8999999989733
2372.699999999966
3028.9000000023534
3186.1000000029253
3687.200000004748
3839.400000005302
3915.2000000055777
4073.000000006152
4502.200000007713
5028.700000009629
5328.0000000107175
5445.500000011145
6017.800000013227
6915.800000016494
7088.200000017121
7168.600000017414
7434.800000018382
8103.900000020816
9037.200000008836
9633.200000000164
9885.899999996487
725.9999999999875
1480.9999999993008
1596.399999999196
1840.6999999989737
2372.899999999967
3029.500000002356
3186.5000000029268
3687.500000004749
4072.900000006152
4502.400000007714
4832.500000008915
5029.10000000963
5328.200000010718
6017.500000013226
6915.800000016494
7435.100000018383
8104.200000020817
9829.9999999973
9861.499999996842
6918.000000016502
1480.899999999301
1596.399999999196
1680.799999999119
1841.099999998973
2372.7999999999665
2968.4000000021333
3029.0000000023538
3186.300000002926
3687.200000004748
4072.700000006151
4502.200000007713
5328.0000000107175
5445.700000011146
6017.500000013226
6388.800000014577
6915.800000016494
7088.400000017122
7168.700000017414
7434.900000018382
8104.000000020816
9037.500000008831
9633.60000000016
9886.099999996484
2373.599999999969
3030.60000000236
3187.3000000029297
4073.5000000061536
4293.1000000069525
5030.000000009633
5328.80000001072
6390.000000014581
6916.8000000164975
7435.800000018386
9886.499999996478
724.9999999999884
978.6999999997576
1480.4999999993013
1595.8999999991963
1840.6999999989737
2372.699999999966
3028.800000002353
3687.000000004748
4072.6000000061504
4502.0000000077125
5327.900000010717
6017.700000013227
6388.700000014576
6915.400000016492
7167.900000017411
7434.500000018381
8103.800000020816
9739.199999998622
979.2999999997572
1595.9999999991962
1841.099999998973
2372.899999999967
2598.000000000786
2968.300000002133
3029.2000000023545
3687.70000000475
4072.6000000061504
4502.300000007714
5029.00000000963
5328.100000010718
5445.800000011146
6017.600000013226
6389.000000014577
6916.000000016495
7435.000000018383
8104.000000020816
9886.39999999648
6404.600000014634
4073.900000006155
6916.600000016497
8599.700000015204
4074.100000006156
6916.900000016498
7436.400000018388
8599.600000015205
724.7999999999886
978.5999999997578
1595.9999999991962
1680.6999999991192
1840.9999999989732
2372.599999999966
3028.7000000023527
3686.900000004747
4072.900000006152
4501.900000007712
5028.700000009629
5327.900000010717
6017.600000013226
6388.500000014576
6915.600000016493
7088.100000017121
7168.200000017412
7434.600000018381
8103.800000020816
8452.300000017349
9633.100000000166
9885.999999996486
4074.300000006157
6917.100000016499
8600.200000015197
725.5999999999879
1480.699999999301
1595.8999999991963
1680.6999999991192
1840.8999999989733
2029.5999999988016
2372.699999999966
2597.800000000785
2968.300000002133
3028.9000000023534
3687.200000004748
3839.3000000053016
4073.400000006153
4502.200000007713
4833.300000008918
5028.600000009628
5328.0000000107175
5445.400000011145
6017.300000013225
6388.600000014576
6915.800000016494
7088.200000017121
7168.500000017413
7434.700000018382
8103.900000020816
8452.300000017349
9037.10000000884
9739.499999998618
9886.29999999648
1841.1999999989728
4073.900000006155
5329.1000000107215
6916.8000000164975
1381.3999999993914
1596.5999999991957
1841.299999998973
2373.3999999999687
3029.7000000023563
4073.400000006153
5029.600000009632
5328.60000001072
6017.700000013227
6916.300000016496
7435.700000018385
9633.700000000155
725.2999999999881
1480.4999999993013
1595.6999999991965
1680.6999999991192
1840.4999999989736
2029.399999998802
2372.399999999965
2597.6000000007843
3028.7000000023527
3687.100000004748
3838.300000005298
3915.1000000055774
4073.200000006153
4410.70000000738
4502.0000000077125
4832.800000008916
5028.600000009628
5328.500000010719
5445.200000011144
6017.100000013224
6265.800000014129
6388.200000014575
6915.600000016493
7087.90000001712
7168.200000017412
7434.500000018381
7753.600000019542
8103.700000020815
8452.000000017353
9036.900000008842
9739.29999999862
9886.199999996485
351.3000000001456
724.299999999989
801.9999999999184
978.399999999758
1094.3999999996524
1595.6999999991965
1680.2999999991196
1840.4999999989736
2597.400000000784
2968.8000000021348
3029.300000002355
3686.800000004747
3914.3000000055754
4072.900000006152
5028.400000009628
5328.500000010719
5444.800000011142
5565.5000000115815
5751.90000001226
6016.900000013224
6387.900000014573
6760.200000015928
6915.200000016492
7087.90000001712
7167.70000001741
7434.20000001838
7753.10000001954
8103.400000020814
8451.900000017355
8576.000000015549
9089.000000008084
9738.69999999863
9885.499999996491
9998.499999994849
6404.800000014635
6917.300000016499
6923.10000001652
8637.000000014661
111.10000000009585
351.4000000001456
724.5999999999888
802.5999999999178
978.8999999997576
1094.3999999996524
1339.7999999994292
1595.7999999991964
1680.0999999991195
1840.5999999989735
2028.9999999988024
2372.099999999964
2597.500000000784
2968.7000000021344
3028.9000000023534
3686.900000004747
4021.900000005966
4072.900000006152
4410.300000007379
4832.900000008916
5028.300000009627
5328.500000010719
5444.900000011143
6016.800000013223
6073.800000013431
6387.900000014573
6760.500000015929
6915.400000016492
7087.90000001712
7167.900000017411
7434.30000001838
7753.20000001954
8103.400000020814
8452.100000017352
9036.500000008848
9088.900000008083
9632.600000000171
9738.899999998626
9998.799999994844
6917.200000016499
7436.600000018388
8600.200000015197
724.399999999989
802.399999999918
978.8999999997576
1094.4999999996523
1595.5999999991966
1680.0999999991195
1840.6999999989737
2029.0999999988023
2372.1999999999643
2597.500000000784
2968.7000000021344
3028.9000000023534
3686.800000004747
3839.3000000053016
3914.600000005576
4072.900000006152
5028.400000009628
5328.500000010719
5445.000000011143
6017.000000013224
6388.000000014574
6760.200000015928
6915.400000016492
7087.700000017119
7167.800000017411
7434.30000001838
7753.300000019541
8103.500000020815
8452.100000017352
8576.100000015547
9632.400000000176
9739.199999998622
9885.799999996489
9998.799999994844
1841.8999999989728
2968.8000000021348
3187.900000002932
6018.200000013228
6916.900000016498
7436.300000018387
8599.30000001521
8623.600000014856
1481.1999999993006
2373.69999999997
4073.5000000061536
5328.80000001072
6916.700000016497
8599.700000015204
1841.299999998973
2373.3999999999687
3030.200000002358
4073.300000006153
4502.500000007714
5029.700000009632
5328.500000010719
6018.5000000132295
6389.900000014581
6916.100000016495
7435.600000018385
3031.1000000023614
4074.200000006156
6917.100000016499
7436.600000018388
8599.800000015202
1841.399999998973
2373.2999999999683
3029.8000000023567
4073.100000006152
5328.500000010719
6018.100000013228
6389.500000014579
6916.300000016496
7435.600000018385
8104.700000020819
4074.8000000061584
6917.4000000165
8600.500000015192
110.70000000009586
351.0000000001455
724.299999999989
801.9999999999184
978.7999999997576
1595.4999999991967
1679.1999999991206
2028.5999999988028
2371.499999999962
2726.300000001253
2968.4000000021333
3028.500000002352
3686.4000000047454
4072.700000006151
4292.800000006951
4409.9000000073775
4831.10000000891
5028.300000009627
5328.400000010719
5444.500000011141
5565.10000001158
6016.600000013223
6073.300000013429
6387.600000014572
6760.200000015928
6915.100000016491
7087.80000001712
7167.50000001741
7434.700000018382
7694.400000019326
7753.00000001954
8103.200000020814
8451.900000017355
9036.30000000885
9088.60000000809
9525.900000001726
9633.400000000162
9738.59999999863
9886.39999999648
9998.199999994851
1841.399999998973
2373.499999999969
2968.600000002134
3187.0000000029286
3688.200000004752
4073.400000006153
4292.800000006951
4502.600000007715
5328.60000001072
6916.200000016495
7435.600000018385
8599.200000015211
2373.8999999999705
3030.60000000236
4073.7000000061535
4502.900000007716
5328.900000010721
6916.500000016496
7436.000000018386
8599.700000015204
1489.599999999293
5344.100000010776
6919.800000016508
8612.800000015013
1841.499999998973
2373.69999999997
3030.70000000236
3687.900000004751
4073.5000000061536
4293.1000000069525
4502.800000007715
4832.800000008916
5328.80000001072
6390.100000014581
6916.700000016497
7435.900000018386
4074.100000006156
6916.8000000164975
6917.000000016498
8600.200000015197
6917.100000016499
7436.800000018389
8600.200000015197
726.1999999999873
2373.79999999997
4073.8000000061543
4832.900000008916
5329.000000010721
6916.600000016497
6404.400000014633
6917.5000000165
2969.200000002136
4073.900000006155
6018.300000013229
6916.8000000164975
8599.600000015205
4073.8000000061543
5329.1000000107215
6916.8000000164975
2373.499999999969
3030.400000002359
4073.400000006153
4292.900000006952
4502.700000007715
5328.60000001072
6916.200000016495
7435.700000018385
3187.900000002932
4073.900000006155
6917.100000016499
725.9999999999875
1481.1999999993006
1596.7999999991955
1840.8999999989733
2373.099999999968
3029.7000000023563
3186.5000000029268
3687.70000000475
4072.900000006152
4502.500000007714
4833.000000008917
5029.300000009631
5328.300000010719
6017.800000013227
6389.200000014578
6916.100000016495
7435.200000018383
8104.300000020818
9886.799999996474
1841.9999999989725
2373.79999999997
3187.5000000029304
4073.7000000061535
5329.000000010721
6018.800000013231
6916.700000016497
7436.200000018387
725.499999999988
978.7999999997576
1480.799999999301
1596.399999999196
1841.099999998973
2372.7999999999665
3029.2000000023545
3687.3000000047487
4072.6000000061504
4502.200000007713
5029.10000000963
5328.0000000107175
6017.800000013227
6388.900000014577
6915.800000016494
7434.900000018382
8104.100000020817
9886.599999996475
6917.000000016498
725.399999999988
1480.5999999993012
1595.7999999991964
1680.3999999991197
1840.399999998974
2372.499999999965
3028.9000000023534
3185.900000002925
3687.000000004748
3915.1000000055774
4073.400000006153
4832.200000008914
5028.600000009628
5327.800000010717
6017.100000013224
6388.500000014576
6915.600000016493
7168.100000017412
7434.600000018381
7753.500000019541
8103.700000020815
8452.20000001735
4074.6000000061576
6404.100000014632
6917.200000016499
4074.000000006156
5329.300000010722
6916.600000016497
7436.300000018387
8599.800000015202
1488.0999999992944
1849.7999999989652
3843.300000005316
6841.000000016222
6921.2000000165135
7815.100000019765
8620.500000014901
8818.50000001202
9825.499999997366
6917.9000000165015
725.7999999999877
1596.199999999196
1840.7999999989736
2372.899999999967
3029.0000000023538
3687.6000000047497
4072.700000006151
4502.300000007714
4832.800000008916
5029.10000000963
5328.100000010718
6017.900000013227
6388.900000014577
6915.800000016494
7435.100000018383
8104.100000020817
9037.600000008832
6918.000000016502
4074.100000006156
6916.900000016498
7436.500000018388
2377.099999999982
1841.799999998973
2373.79999999997
2969.0000000021355
3030.60000000236
4073.7000000061535
4503.000000007716
5328.900000010721
6018.800000013231
6916.700000016497
7436.000000018386
8599.500000015207
725.499999999988
979.1999999997572
1480.899999999301
1596.399999999196
1680.2999999991196
1840.9999999989732
2372.7999999999665
3029.300000002355
3687.200000004748
3839.200000005301
4072.6000000061504
4502.200000007713
4832.600000008915
5029.00000000963
5328.100000010718
5445.700000011146
6017.500000013226
6388.900000014577
6915.900000016494
7088.400000017122
7434.900000018382
8104.000000020816
8452.500000017346
9037.600000008832
9886.599999996475
6404.400000014633
6917.6000000165
6917.6000000165
725.7999999999877
1480.899999999301
1596.099999999196
1840.5999999989735
2372.899999999967
3029.100000002354
3687.500000004749
4073.400000006153
4502.300000007714
4833.000000008917
5028.900000009629
5327.900000010717
5445.700000011146
6017.600000013226
6388.900000014577
6760.70000001593
6915.900000016494
7088.400000017122
7168.800000017414
7434.900000018382
8104.100000020817
2373.599999999969
2969.0000000021355
4073.600000006154
5328.80000001072
6916.600000016497
7435.900000018386
6404.400000014633
725.499999999988
1480.699999999301
1596.099999999196
1680.999999999119
1840.8999999989733
2372.599999999966
2968.2000000021326
3029.0000000023538
3687.3000000047487
3839.5000000053024
4073.200000006153
4502.100000007713
5028.700000009629
5327.900000010717
5445.400000011145
6017.300000013225
6388.600000014576
6915.7000000164935
7088.100000017121
7168.200000017412
7434.600000018381
8103.800000020816
9037.200000008836
4074.500000006157
6403.900000014632
6917.100000016499
725.0999999999883
1480.799999999301
1596.5999999991957
1841.1999999989728
2372.899999999967
3029.2000000023545
3687.500000004749
4072.800000006151
4502.200000007713
5029.10000000963
5328.100000010718
6389.100000014578
6915.7000000164935
7088.500000017122
7434.900000018382
8104.100000020817
6404.600000014634
6917.6000000165
724.8999999999885
979.0999999997572
1094.6999999996522
1340.099999999429
1480.0999999993016
1595.8999999991963
1680.2999999991196
1840.7999999989736
2029.2999999988024
2372.2999999999647
2597.900000000785
2968.900000002135
3029.300000002355
3687.000000004748
4073.100000006152
4410.60000000738
4832.700000008916
5028.500000009628
5328.500000010719
5445.100000011144
6017.100000013224
6388.200000014575
6761.000000015931
6915.400000016492
7087.80000001712
7168.000000017411
7434.4000000183805
7753.400000019541
8103.600000020815
8576.200000015546
9739.099999998623
9886.39999999648
6917.700000016501
1841.799999998973
2373.599999999969
2969.100000002136
3030.5000000023592
4073.600000006154
4502.800000007715
5328.80000001072
6018.60000001323
6916.300000016496
7435.700000018385
8599.500000015207
9886.699999996476
4074.000000006156
6916.600000016497
8599.800000015202
6917.100000016499
8600.0000000152
4073.8000000061543
5329.1000000107215
6916.700000016497
7436.200000018387
724.0999999999892
1094.4999999996523
1339.8999999994292
1595.5999999991966
1680.3999999991197
1840.4999999989736
2029.0999999988023
2372.099999999964
2597.400000000784
3028.300000002351
3686.800000004747
4072.800000006151
4410.300000007379
5028.300000009627
5328.400000010719
5444.900000011143
6016.900000013224
6387.900000014573
6760.500000015929
6915.200000016492
7087.500000017119
7167.60000001741
7434.20000001838
7753.400000019541
8103.400000020814
8576.100000015547
9036.700000008845
9089.100000008082
9633.100000000166
9738.899999998626
9885.69999999649
6404.600000014634
6917.800000016501
2373.599999999969
2968.900000002135
3030.400000002359
3187.3000000029297
4073.400000006153
4502.800000007715
5029.800000009633
5328.70000001072
6018.400000013229
6916.500000016496
7435.700000018385
8104.90000002082
2373.3999999999687
3030.100000002358
3187.100000002929
4073.200000006153
4502.600000007715
5029.800000009633
5328.60000001072
6389.80000001458
6916.400000016496
7435.600000018385
725.499999999988
979.1999999997572
1480.799999999301
1596.199999999196
1680.999999999119
1840.8999999989733
2029.5999999988016
2372.599999999966
3029.0000000023538
3186.1000000029253
3687.400000004749
3839.400000005302
4073.300000006153
4502.200000007713
4833.400000008918
5028.700000009629
5328.0000000107175
5445.200000011144
5565.700000011582
6017.300000013225
6266.200000014131
6388.500000014576
6915.800000016494
7088.200000017121
7434.800000018382
8103.900000020816
8452.20000001735
9037.10000000884
6404.800000014635
2373.8999999999705
3187.700000002931
4073.7000000061535
5329.000000010721
6916.700000016497
7436.100000018387
725.1999999999882
979.0999999997572
1480.4999999993013
1595.6999999991965
1680.3999999991197
1840.4999999989736
2029.0999999988023
2372.1999999999643
3028.500000002352
3687.000000004748
3838.4000000052974
3914.9000000055767
4073.100000006152
4832.700000008916
5028.400000009628
5328.60000001072
5445.000000011143
5565.20000001158
6016.900000013224
6388.100000014574
6915.500000016493
7087.80000001712
7168.000000017411
7434.4000000183805
7753.600000019542
8103.600000020815
8452.100000017352
9036.700000008845
9089.400000008078
9739.499999998618
9886.099999996484
724.299999999989
978.8999999997576
1480.699999999301
1596.199999999196
1840.8999999989733
2372.599999999966
3028.800000002353
3687.200000004748
4072.50000000615
4502.200000007713
5028.800000009629
5328.0000000107175
6017.500000013226
6915.200000016492
7088.200000017121
7168.3000000174125
7434.700000018382
8103.900000020816
8452.300000017349
9886.799999996474
725.0999999999883
978.8999999997576
1595.9999999991962
1680.5999999991193
1840.399999998974
2372.399999999965
2968.100000002132
3028.7000000023527
3687.000000004748
3914.9000000055767
4073.100000006152
4832.500000008915
5028.500000009628
5328.500000010719
5445.000000011143
5565.400000011581
6017.4000000132255
6388.200000014575
6837.9000000162105
6915.600000016493
7087.80000001712
7168.000000017411
7434.500000018381
7753.500000019541
8103.700000020815
8452.000000017353
9885.69999999649
2968.5000000021337
3030.400000002359
4073.400000006153
5029.900000009633
5328.70000001072
6916.700000016497
7435.900000018386
726.0999999999874
979.399999999757
1481.0999999993007
1596.6999999991956
1841.299999998973
2373.099999999968
2968.5000000021337
3029.600000002356
3186.7000000029275
3687.900000004751
4073.000000006152
5029.300000009631
5328.300000010719
6017.800000013227
6389.3000000145785
6916.200000016495
7435.200000018383
8104.400000020818
725.499999999988
978.8999999997576
1596.299999999196
1680.999999999119
1841.1999999989728
2030.0999999988012
2372.899999999967
3029.2000000023545
3186.300000002926
3687.400000004749
3840.200000005305
4073.100000006152
4502.400000007714
5029.10000000963
5328.100000010718
5445.800000011146
6017.700000013227
6388.800000014577
6915.800000016494
7088.300000017121
7435.000000018383
8104.200000020817
8452.600000017344
9037.600000008832
9633.700000000155
9886.099999996484
3187.700000002931
4073.900000006155
6018.5000000132295
6917.200000016499
7436.200000018387
4073.900000006155
6916.8000000164975
7436.200000018387
8599.700000015204
6917.800000016501
6404.100000014632
6917.300000016499
4073.8000000061543
6916.900000016498
7436.200000018387
8599.600000015205
6917.200000016499
7436.700000018389
6917.6000000165
2373.8999999999705
4073.8000000061543
4503.000000007716
5329.000000010721
6916.400000016496
7436.000000018386
8599.700000015204
2373.599999999969
2968.900000002135
3030.5000000023592
4073.5000000061536
5328.80000001072
6018.5000000132295
6916.600000016497
7435.900000018386
8599.400000015208
6403.800000014631
6916.700000016497
8599.600000015205
6403.800000014631
6916.900000016498
8599.900000015201
4073.900000006155
6917.200000016499
7436.000000018386
8599.600000015205
9886.29999999648
6917.6000000165
1481.0999999993007
1596.4999999991958
1840.9999999989732
2373.2999999999683
3029.900000002357
3687.8000000047514
4073.100000006152
4292.40000000695
4502.400000007714
4833.300000008918
5328.400000010719
6017.900000013227
6916.200000016495
7435.300000018384
8104.600000020819
110.90000000009584
351.3000000001456
724.5999999999888
978.9999999997574
1094.1999999996526
1595.5999999991966
1679.69999999912
1840.399999998974
2028.7999999988024
2371.999999999964
2967.800000002131
3028.1000000023505
3686.7000000047465
3837.700000005296
3914.600000005576
4021.600000005965
4073.000000006152
4410.300000007379
4832.000000008913
5028.600000009628
5328.500000010719
5444.800000011142
5564.900000011579
6016.600000013223
6073.50000001343
6387.800000014573
6587.400000015299
6760.300000015928
6915.400000016492
7088.100000017121
7167.800000017411
7434.100000018379
7753.10000001954
8103.400000020814
8451.700000017358
9036.400000008847
9088.900000008083
9632.700000000172
9738.799999998628
9885.999999996486
9998.39999999485
725.6999999999878
978.7999999997576
1480.699999999301
1596.099999999196
1680.799999999119
1840.7999999989736
2372.599999999966
2968.300000002133
3029.100000002354
3687.200000004748
3839.3000000053016
4073.300000006153
4832.800000008916
5028.700000009629
5328.0000000107175
6017.300000013225
6388.700000014576
6915.900000016494
7088.200000017121
7168.600000017414
7434.800000018382
8103.900000020816
9037.00000000884
9886.099999996484
6924.800000016527
978.9999999997574
1480.799999999301
1596.4999999991958
1680.5999999991193
1840.9999999989732
2372.899999999967
3029.2000000023545
3687.3000000047487
4072.800000006151
4502.400000007714
4833.100000008917
5029.00000000963
5328.100000010718
5445.800000011146
6017.500000013226
6388.900000014577
6916.000000016495
7088.500000017122
7435.000000018383
8104.100000020817
8452.600000017344
9037.600000008832
9886.499999996478
1381.499999999391
1841.1999999989728
2373.599999999969
3029.900000002357
4073.400000006153
4502.800000007715
5029.600000009632
5328.60000001072
6017.900000013227
6916.500000016496
7435.700000018385
4074.300000006157
6917.100000016499
7436.700000018389
1841.399999998973
2373.2999999999683
2968.7000000021344
3029.8000000023567
3688.000000004751
4073.100000006152
4292.700000006951
4502.600000007715
5029.400000009631
5328.400000010719
6017.900000013227
6916.400000016496
7435.400000018384
8104.400000020818
8632.400000014728
4074.700000006158
6916.8000000164975
4074.200000006156
6917.000000016498
7436.400000018388
8599.900000015201
2373.599999999969
2968.900000002135
4502.700000007715
5328.70000001072
6916.700000016497
7435.600000018385
725.499999999988
978.7999999997576
1480.4999999993013
1596.199999999196
1680.4999999991194
1840.7999999989736
2372.699999999966
2968.300000002133
3029.0000000023538
3186.2000000029257
3687.000000004748
4073.100000006152
4502.0000000077125
5327.900000010717
5445.500000011145
6017.300000013225
6915.7000000164935
7168.3000000174125
7434.700000018382
8103.900000020816
9886.499999996478
2373.69999999997
4073.600000006154
5328.80000001072
6916.500000016496
7435.700000018385
8599.500000015207
5329.000000010721
6916.8000000164975
7436.000000018386
6919.200000016506
6916.8000000164975
7436.300000018387
8599.700000015204
8629.200000014775
725.7999999999877
978.7999999997576
1480.5999999993012
1596.6999999991956
1841.099999998973
2030.2999999988008
2372.899999999967
3029.2000000023545
3186.300000002926
3687.500000004749
3840.100000005305
4072.700000006151
4502.200000007713
4833.500000008919
5029.10000000963
5328.100000010718
5445.800000011146
6389.000000014577
6915.900000016494
7435.000000018383
8104.100000020817
9037.70000000883
9886.699999996476
6404.400000014633
6917.300000016499
111.10000000009585
724.4999999999889
978.8999999997576
1094.3999999996524
1339.7999999994292
1595.6999999991965
1680.2999999991196
1840.5999999989735
2028.8999999988023
2371.999999999964
2597.500000000784
3028.200000002351
3687.900000004751
3914.500000005575
4072.900000006152
4832.700000008916
5028.700000009629
5328.60000001072
5444.800000011142
5565.5000000115815
5751.90000001226
6016.900000013224
6073.60000001343
6387.800000014573
6760.100000015927
6915.300000016492
7088.00000001712
7167.800000017411
7434.20000001838
7753.00000001954
8103.400000020814
8452.100000017352
9036.600000008846
9089.000000008084
9633.000000000167
9739.199999998622
9886.099999996484
9998.699999994846
351.50000000014563
724.7999999999886
802.5999999999178
979.0999999997572
1094.5999999996525
1595.8999999991963
1679.9999999991198
1840.399999998974
2029.0999999988023
2372.099999999964
2597.7000000007847
3028.500000002352
3686.800000004747
3914.600000005576
4073.000000006152
4410.400000007379
4831.800000008912
5028.900000009629
5328.70000001072
5445.000000011143
5565.5000000115815
6017.000000013224
6388.000000014574
6760.80000001593
6915.500000016493
7088.00000001712
7168.000000017411
7434.4000000183805
7753.400000019541
8103.600000020815
8451.900000017355
9036.700000008845
9633.100000000166
9738.999999998625
9886.499999996478
724.7999999999886
1480.899999999301
1596.199999999196
1680.4999999991194
1841.099999998973
2372.699999999966
3029.0000000023538
3186.300000002926
3687.200000004748
4073.400000006153
4502.300000007714
5028.800000009629
5328.0000000107175
6017.300000013225
6915.800000016494
7088.300000017121
7434.800000018382
8104.100000020817
8452.400000017347
9632.900000000169
9886.29999999648
724.7999999999886
978.9999999997574
1094.3999999996524
1339.7999999994292
1595.5999999991966
1680.1999999991197
1840.5999999989735
2371.999999999964
2597.400000000784
3028.200000002351
3686.800000004747
3914.600000005576
4073.000000006152
4410.300000007379
4832.800000008916
5028.300000009627
5328.500000010719
5444.800000011142
5565.600000011582
5752.00000001226
6016.900000013224
6387.900000014573
6760.200000015928
6915.300000016492
7088.00000001712
7167.800000017411
7753.00000001954
8103.400000020814
8451.900000017355
9036.500000008848
9089.000000008084
9632.700000000172
9738.899999998626
9885.69999999649
9998.799999994844
724.399999999989
978.6999999997576
1339.999999999429
1595.8999999991963
1680.4999999991194
1840.5999999989735
2029.0999999988023
2597.7000000007847
2968.7000000021344
3029.300000002355
3687.000000004748
3838.600000005299
4073.000000006152
4410.400000007379
5028.500000009628
5328.60000001072
5445.000000011143
5915.100000012853
6017.000000013224
6388.000000014574
7088.100000017121
7168.000000017411
7434.4000000183805
7753.500000019541
8103.500000020815
8451.900000017355
9036.700000008845
9089.20000000808
9633.200000000164
9738.999999998625
2376.899999999981
4074.300000006157
6916.300000016496
8600.200000015197
4074.000000006156
6916.900000016498
8599.700000015204
6916.700000016497
725.499999999988
979.399999999757
1595.7999999991964
1680.899999999119
1840.7999999989736
2372.599999999966
3028.6000000023523
3687.200000004748
4073.5000000061536
4502.0000000077125
5028.600000009628
5327.900000010717
5445.400000011145
6016.800000013223
6388.600000014576
6915.7000000164935
7168.400000017413
7434.700000018382
7753.500000019541
8103.800000020816
9037.00000000884
9632.500000000176
110.50000000009588
350.70000000014545
723.9999999999893
801.5999999999187
924.5999999998068
978.199999999758
1094.1999999996526
1337.3999999994314
1379.8999999993928
1595.2999999991969
1679.4999999991203
1840.299999998974
2028.1999999988032
2371.0999999999603
2463.8000000002976
2597.200000000783
2968.4000000021333
3028.200000002351
3423.7000000037897
3653.5000000046257
3687.400000004749
3914.800000005576
4021.2000000059634
4072.4000000061496
4262.000000006839
4409.600000007376
4833.200000008917
5028.000000009626
5327.400000010715
5565.00000001158
5751.500000012258
6016.3000000132215
6072.800000013427
6387.300000014571
6914.80000001649
7018.500000016868
7087.300000017118
7167.400000017409
7434.600000018381
7752.900000019539
7913.300000020123
8155.800000021005
8389.600000018261
8451.800000017356
8600.0000000152
8799.3000000123
9088.900000008083
9632.400000000176
9738.399999998634
9998.199999994851
725.5999999999879
979.5999999997568
1480.899999999301
1596.6999999991956
1680.5999999991193
1840.8999999989733
2372.899999999967
2968.4000000021333
3029.600000002356
3186.4000000029264
3687.400000004749
4072.900000006152
4502.300000007714
4832.800000008916
5029.10000000963
5328.100000010718
6017.500000013226
6389.100000014578
6916.000000016495
7088.6000000171225
7435.100000018383
8104.200000020817
6917.4000000165
4074.400000006157
6917.100000016499
7436.800000018389
725.5999999999879
923.8999999998076
1480.799999999301
1595.7999999991964
1681.0999999991188
1840.8999999989733
2372.699999999966
2968.4000000021333
3029.500000002356
3687.400000004749
4073.400000006153
4502.300000007714
4833.600000008919
5328.0000000107175
6017.4000000132255
6388.700000014576
6915.7000000164935
7088.200000017121
7168.600000017414
7434.800000018382
7753.8000000195425
8103.900000020816
8452.400000017347
9037.300000008836
9633.400000000162
9886.799999996474
725.2999999999881
1595.6999999991965
1680.799999999119
1840.6999999989737
2029.1999999988025
2372.499999999965
2597.6000000007843
3028.500000002352
3687.200000004748
4021.700000005965
4073.400000006153
4833.100000008917
5028.700000009629
5328.70000001072
5445.400000011145
6017.000000013224
6915.7000000164935
7088.700000017123
7168.400000017413
7434.600000018381
7753.700000019542
8103.800000020816
9036.800000008843
9632.700000000172
9886.699999996476
923.0999999998082
1380.599999999392
1480.899999999301
1596.199999999196
1840.9999999989732
2372.9999999999677
3028.7000000023527
3186.5000000029268
3687.500000004749
4072.900000006152
4502.300000007714
5029.300000009631
5328.100000010718
6017.900000013227
6389.100000014578
6915.900000016494
7434.900000018382
8104.200000020817
9886.199999996485
6918.300000016503
726.1999999999873
1597.0999999991952
2373.199999999968
2968.7000000021344
3029.500000002356
3687.70000000475
4073.000000006152
4502.700000007715
5029.400000009631
5328.400000010719
6018.000000013228
6389.3000000145785
6916.200000016495
7435.300000018384
8104.500000020818
9633.800000000156
725.8999999999876
979.1999999997572
1480.9999999993008
1841.399999998973
2372.9999999999677
3029.600000002356
3186.600000002927
3687.400000004749
4073.000000006152
4502.500000007714
5029.300000009631
5328.200000010718
6017.900000013227
6389.200000014578
6916.200000016495
7435.200000018383
8104.300000020818
9886.499999996478
979.399999999757
1481.0999999993007
1596.5999999991957
1841.399999998973
2373.199999999968
3029.7000000023563
3186.7000000029275
3687.900000004751
4073.000000006152
4502.600000007715
5029.300000009631
5328.400000010719
6017.800000013227
6389.400000014579
6916.200000016495
7435.400000018384
8104.500000020818
9886.499999996478
8624.500000014843
6917.100000016499
8599.900000015201
725.6999999999878
979.2999999997572
1480.9999999993008
1596.4999999991958
1840.9999999989732
2372.9999999999677
2968.5000000021337
3029.500000002356
3687.400000004749
4072.900000006152
4502.400000007714
5029.10000000963
5328.100000010718
6017.600000013226
6389.100000014578
6915.900000016494
7435.000000018383
8104.200000020817
9633.700000000155
4074.200000006156
6916.900000016498
8600.100000015198
2377.099999999982
725.499999999988
979.2999999997572
1841.299999998973
2373.099999999968
3029.7000000023563
3687.70000000475
4072.900000006152
4502.400000007714
5029.300000009631
5328.200000010718
6017.800000013227
6389.200000014578
6916.100000016495
7435.200000018383
8104.300000020818
725.499999999988
978.9999999997574
1480.9999999993008
1596.4999999991958
1841.299999998973
2372.9999999999677
3029.100000002354
3687.70000000475
4072.800000006151
4502.400000007714
5029.200000009631
5328.200000010718
5445.900000011146
6017.800000013227
6389.000000014577
6915.600000016493
7435.000000018383
8104.200000020817
8452.700000017343
9886.499999996478
1841.1999999989728
2373.099999999968
2968.600000002134
3029.7000000023563
3687.8000000047514
4073.000000006152
5029.300000009631
5328.300000010719
6017.800000013227
6389.500000014579
6916.100000016495
7435.200000018383
8104.300000020818
9885.799999996489
724.6999999999887
1480.3999999993014
1595.7999999991964
1680.3999999991197
1840.4999999989736
2029.0999999988023
2597.6000000007843
3028.300000002351
3686.900000004747
3914.700000005576
4073.100000006152
4410.50000000738
4501.800000007712
4832.900000008916
5028.300000009627
5328.400000010719
5445.000000011143
6016.800000013223
6388.100000014574
6915.400000016492
7087.700000017119
7167.70000001741
7434.30000001838
8103.500000020815
8451.900000017355
9036.700000008845
9738.999999998625
9885.999999996486
4074.400000006157
6917.100000016499
8600.100000015198
978.7999999997576
1381.0999999993917
1841.299999998973
2373.2999999999683
3029.600000002356
4073.100000006152
4502.700000007715
5029.600000009632
5328.500000010719
6389.60000001458
6916.400000016496
7435.500000018384
725.1999999999882
978.8999999997576
1595.6999999991965
1680.4999999991194
1840.5999999989735
2029.1999999988025
2372.2999999999647
2597.400000000784
3028.400000002352
3185.700000002924
3686.800000004747
4073.200000006153
4501.800000007712
5028.300000009627
5328.300000010719
5444.900000011143
6017.100000013224
6388.100000014574
6915.500000016493
7087.80000001712
7167.800000017411
7434.30000001838
8103.500000020815
8451.800000017356
8576.000000015549
9036.700000008845
9739.199999998622
9886.199999996485
6917.100000016499
8600.200000015197
1841.6999999989728
2969.0000000021355
4073.600000006154
5328.70000001072
6916.100000016495
7435.700000018385
8599.400000015208
923.6999999998076
1596.299999999196
1841.099999998973
2373.3999999999687
3029.300000002355
3187.0000000029286
4073.300000006153
4502.400000007714
5328.500000010719
6916.000000016495
7435.400000018384
1841.299999998973
4074.000000006156
6916.700000016497
7436.200000018387
8599.30000001521
4074.700000006158
6404.100000014632
6917.100000016499
2964.0000000021173
6956.300000016641
7968.100000020322
725.6999999999878
978.6999999997576
1480.799999999301
1596.7999999991955
1841.099999998973
2372.9999999999677
3029.8000000023567
3186.5000000029268
3687.6000000047497
4072.800000006151
4502.300000007714
5029.400000009631
5328.200000010718
6018.200000013228
6389.100000014578
6916.000000016495
7435.100000018383
8104.200000020817
9886.699999996476
