6288.400000014211
2972.400000002148
5199.700000010251
5347.90000001079
6281.200000014185
7985.800000020386
8628.000000014792
9665.1999999997
626.500000000078
1489.3999999992932
8614.600000014987
9782.699999997987
1492.79999999929
2084.9999999989195
2388.100000000022
2960.600000002105
3856.200000005363
5190.900000010219
6279.9000000141805
6874.000000016342
7971.100000020333
8902.200000010802
9675.199999999551
1486.6999999992956
2069.2999999988624
2379.099999999989
3850.5000000053424
4309.600000007013
5167.500000010134
5338.500000010756
6277.400000014171
6877.000000016353
7443.800000018415
8174.700000021074
8607.300000015093
8902.100000010803
9661.69999999975
9782.199999997996
641.8000000000641
1486.8999999992957
1614.599999999179
2065.9999999988504
2382.600000000002
3215.100000003031
4309.700000007013
5037.20000000966
5169.20000001014
5339.0000000107575
6277.600000014172
6409.700000014653
6902.300000016445
8175.800000021078
8613.300000015006
2963.3000000021148
7971.5000000203345
1487.499999999295
2384.70000000001
5171.6000000101485
5341.900000010768
6278.500000014175
6926.300000016532
7450.300000018438
8620.800000014897
9765.899999998232
1485.4999999992967
2069.999999998865
2380.199999999993
2971.600000002145
3859.900000005377
4100.200000006251
4313.300000007026
5045.100000009688
5169.30000001014
5337.800000010753
6276.700000014169
6410.500000014656
6877.400000016354
7444.000000018415
8174.500000021073
8610.600000015045
8905.900000010748
9665.499999999694
9777.699999998062
8618.700000014927
8906.000000010747
5197.000000010241
1489.699999999293
2088.2999999989315
2969.6000000021377
4313.400000007026
5194.7000000102325
5344.800000010779
6279.000000014177
6882.200000016372
7981.000000020369
8613.900000014997
1493.2999999992896
2385.700000000013
5175.300000010162
5342.600000010771
6280.300000014182
8193.10000002112
9675.899999999545
9788.599999997905
182.4000000001072
446.5000000001672
639.0000000000666
735.4999999999789
1386.7999999993865
1480.799999999301
1709.9999999990926
1846.4999999989684
2044.2999999987885
2376.6999999999807
2715.400000001213
2968.2000000021326
3038.700000002389
3190.9000000029428
3708.800000004827
3846.500000005328
4080.000000006177
4294.100000006956
4729.50000000854
5033.500000009646
5155.800000010091
5332.600000010734
5463.100000011209
6159.100000013741
6271.300000014149
6404.500000014634
6714.300000015761
6867.200000016317
6920.1000000165095
7263.000000017757
7439.000000018397
7718.600000019414
7968.200000020322
8161.700000021026
8603.700000015146
8696.600000013794
8896.000000010892
9091.90000000804
9648.799999999936
9748.799999998482
9887.899999996458
189.70000000010887
610.4000000000926
739.0999999999756
1052.99999999969
1398.0999999993762
1483.4999999992986
1612.9999999991808
1846.3999999989685
2039.299999998793
2377.299999999983
2846.1000000016884
2968.7000000021344
3037.900000002386
3193.1000000029508
3844.20000000532
4084.300000006193
4294.800000006959
4506.90000000773
5032.300000009642
5160.400000010108
5333.600000010738
5475.700000011255
5612.700000011753
6027.3000000132615
6272.000000014152
6406.500000014641
6844.5000000162345
6919.200000016506
7263.200000017758
7439.500000018399
7823.300000019795
7977.800000020357
8166.000000021042
8599.900000015201
8688.60000001391
8898.20000001086
9092.800000008028
9646.899999999963
9754.999999998392
9888.599999996448
2840.800000001669
3843.7000000053176
6286.300000014204
6846.200000016241
7852.800000019903
8619.300000014919
9660.399999999769
9774.899999998102
633.3000000000718
2074.999999998883
5339.500000010759
6282.60000001419
8615.000000014981
9660.499999999767
1486.9999999992954
2077.999999998894
2380.199999999993
2957.4000000020933
4312.500000007023
5169.000000010139
5339.300000010759
5961.400000013022
6277.10000001417
6876.20000001635
7806.300000019733
7963.700000020306
8618.200000014935
8803.300000012241
8902.3000000108
9660.99999999976
9783.39999999798
191.80000000010932
617.9000000000858
946.6999999997868
1388.499999999385
1482.999999999299
1613.2999999991805
1842.499999998972
2046.3999999987864
2378.199999999986
2833.900000001644
2948.20000000206
3038.5000000023883
3194.9000000029573
3839.400000005302
4081.900000006184
4295.400000006961
4839.200000008939
5035.600000009654
5162.100000010114
5334.400000010741
5472.500000011243
5976.400000013076
6174.400000013797
6273.400000014157
6405.500000014637
6842.400000016227
6920.500000016511
7265.200000017765
7440.800000018404
7844.400000019872
7961.300000020297
8168.900000021053
8602.100000015169
8898.90000001085
9096.10000000798
9647.19999999996
9761.3999999983
9855.299999996932
1485.4999999992967
2068.399999998859
2380.099999999993
2967.6000000021304
4319.80000000705
5169.100000010139
5338.900000010757
5500.100000011344
6278.600000014176
6920.400000016511
7444.900000018419
7981.000000020369
8189.700000021128
8608.700000015073
9662.799999999734
9779.09999999804
622.8000000000814
1484.6999999992977
1687.599999999113
2076.6999999988893
2379.8999999999924
2726.700000001254
2976.800000002164
5167.300000010133
5491.000000011311
6275.700000014165
6886.500000016387
7280.800000017822
7451.300000018442
8172.200000021065
8902.900000010792
9684.599999999416
9766.699999998222
633.6000000000715
6649.100000015524
8623.000000014865
9644.899999999994
197.40000000011065
1484.6999999992977
1852.5999999989629
2066.7999999988533
2378.199999999986
2968.100000002132
3205.1000000029944
3844.8000000053216
4319.600000007049
5163.300000010118
5336.300000010748
6273.900000014159
6862.200000016299
6919.300000016507
7442.700000018411
7813.900000019761
7979.700000020364
8179.400000021091
8614.300000014991
8906.800000010735
9664.199999999712
9768.799999998191
1488.399999999294
2731.3000000012707
5189.100000010212
6280.400000014182
6709.900000015745
6925.500000016529
7705.900000019368
8624.70000001484
9686.699999999386
1487.1999999992952
2070.899999998868
2382.600000000002
2970.6000000021413
4314.40000000703
5171.100000010147
5340.1000000107615
6276.90000001417
6878.000000016356
7447.700000018429
7800.600000019713
7980.800000020368
8610.800000015042
8803.500000012238
8900.100000010832
9648.59999999994
9777.999999998056
2972.700000002149
640.1000000000656
8623.000000014865
9646.799999999968
200.90000000011145
633.9000000000713
737.9999999999766
933.7999999997984
1486.6999999992956
1689.2999999991114
1843.999999998971
2056.599999998816
2379.699999999992
2728.100000001259
2830.600000001632
2961.600000002109
3707.200000004821
3838.700000005299
4312.300000007022
4838.700000008937
5035.700000009654
5164.900000010124
5337.600000010752
5838.300000012574
5969.900000013053
6275.300000014164
6411.400000014659
6711.500000015751
6840.60000001622
6920.000000016509
7445.600000018421
7705.500000019367
7853.000000019903
7974.700000020346
8175.2000000210755
8601.800000015173
8686.50000001394
8901.300000010815
9648.499999999942
9757.29999999836
9851.29999999699
1497.199999999286
2968.4000000021333
3854.100000005356
6282.1000000141885
6880.800000016367
7982.400000020374
8617.700000014942
1486.9999999992954
2069.2999999988624
2969.200000002136
4306.900000007003
5168.100000010136
6276.300000014167
6878.200000016357
7977.000000020354
8605.50000001512
8902.700000010795
9675.099999999557
9784.899999997955
1486.8999999992957
2066.399999998852
2381.399999999998
2974.5000000021555
4314.200000007029
5041.700000009676
5172.7000000101525
5342.200000010769
6277.10000001417
6893.500000016413
7448.900000018433
8181.000000021097
8627.4000000148
9662.199999999742
9779.89999999803
8615.400000014975
8634.800000014693
191.6000000001093
632.1000000000729
1482.4999999992997
1611.2999999991823
1845.799999998969
2064.3999999988446
2378.2999999999865
2972.3000000021475
3195.100000002958
3846.800000005329
4081.100000006181
4309.500000007012
5036.000000009655
5164.300000010122
5335.500000010745
5488.1000000113
6181.300000013822
6275.300000014164
6406.30000001464
6872.200000016335
7266.50000001777
7441.900000018408
7986.500000020389
8169.100000021053
8607.400000015092
8696.400000013797
8898.800000010851
9096.600000007971
9642.40000000003
9766.199999998227
9891.299999996409
196.4000000001104
641.8000000000641
1485.6999999992966
1863.799999998953
2054.89999999881
2378.8999999999887
2963.2000000021144
3850.100000005341
4306.800000007002
5036.300000009656
5166.300000010129
5337.200000010751
6277.10000001417
6866.300000016314
7279.200000017816
7445.600000018421
7973.800000020343
8172.700000021066
8601.100000015183
8922.30000001051
9650.09999999992
9757.499999998356
197.7000000001107
740.799999999974
1484.199999999298
2058.899999998825
2377.999999999985
2974.100000002154
3197.900000002968
3875.400000005433
4086.2000000062
4302.300000006986
5036.500000009657
5165.500000010126
5335.7000000107455
5494.000000011321
6273.600000014158
6406.10000001464
6876.700000016352
7271.4000000177875
7441.100000018405
8169.600000021055
8606.900000015099
8905.10000001076
9111.000000007763
9656.699999999822
9760.199999998316
655.9000000000513
741.9999999999729
5342.900000010772
6282.50000001419
8611.400000015034
9661.799999999748
8623.100000014863
8630.90000001475
8815.400000012065
1486.7999999992956
2072.5999999988744
2384.600000000009
2972.200000002147
3859.600000005376
4333.000000007098
5191.700000010222
5340.800000010764
6277.900000014173
6920.20000001651
7447.600000018429
7984.900000020383
8614.600000014987
8902.3000000108
9656.699999999822
9798.699999997756
1488.7999999992935
5176.400000010166
5341.300000010766
6280.600000014183
6884.9000000163815
7450.600000018439
7809.100000019744
8658.200000014353
8899.900000010835
9655.199999999844
9895.599999996346
188.5000000001086
1391.0999999993826
1482.999999999299
1850.7999999989645
2067.9999999988577
2377.999999999985
2733.90000000128
2969.9000000021388
3193.0000000029504
3850.3000000053416
4296.900000006966
5035.900000009655
5159.400000010104
5336.000000010747
5491.000000011311
6165.500000013764
6273.400000014157
6875.500000016347
7265.000000017764
7441.300000018406
7805.900000019732
7987.300000020392
8168.30000002105
8609.800000015057
8809.50000001215
8900.600000010825
9668.999999999643
9765.599999998238
8639.900000014619
1490.3999999992925
5184.700000010196
6282.40000001419
7820.700000019786
8613.100000015009
8692.00000001386
9666.699999999675
9803.19999999769
8618.200000014935
8630.000000014763
9792.499999997846
679.9000000000294
8633.60000001471
8615.300000014977
8621.800000014882
9663.899999999718
197.60000000011067
740.4999999999743
1485.8999999992964
1613.1999999991806
1849.199999998966
2069.3999999988628
2378.999999999989
2967.7000000021308
3043.100000002405
3202.1000000029835
3848.000000005333
4087.200000006204
4300.50000000698
5036.200000009656
5164.700000010123
5336.000000010747
5498.400000011337
6273.400000014157
6406.500000014641
6866.300000016314
6924.600000016526
7270.100000017783
7442.60000001841
7976.600000020353
8171.700000021063
8605.600000015118
8898.100000010862
9644.000000000007
9761.099999998303
9890.59999999642
8631.700000014738
8624.300000014846
8634.900000014692
8648.000000014501
644.8000000000613
5187.700000010207
6283.100000014192
6903.500000016449
9800.49999999773
740.4999999999743
1847.999999998967
2846.1000000016884
2973.4000000021515
3844.8000000053216
5195.600000010236
5341.700000010767
6284.600000014198
6853.400000016267
7983.100000020377
8612.30000001502
9662.799999999734
9758.199999998344
645.1000000000611
7815.000000019765
8820.100000011997
8623.900000014852
9669.799999999632
8626.300000014817
9675.199999999551
1485.099999999297
2062.9999999988395
2378.399999999987
3042.000000002401
3874.800000005431
4304.500000006994
5037.800000009662
5166.800000010131
5336.8000000107495
6274.20000001416
6407.300000014644
6878.000000016356
7274.600000017799
7442.100000018408
8171.300000021061
8609.200000015066
8901.400000010814
9658.699999999792
9768.299999998198
8618.100000014936
8631.800000014737
1495.3999999992875
1849.6999999989653
2852.600000001712
3846.1000000053264
5345.400000010781
6284.600000014198
6862.6000000163
8619.800000014911
8907.000000010732
9789.599999997889
5343.800000010775
6282.800000014191
8616.000000014967
9651.599999999897
8624.100000014849
7810.000000019747
8814.900000012072
1492.99999999929
3858.700000005372
7811.700000019753
8815.10000001207
1486.7999999992956
2077.399999998892
2381.399999999998
4331.900000007094
5171.90000001015
5338.600000010756
6277.800000014173
6895.100000016419
7445.800000018422
8180.900000021096
8611.400000015034
9663.999999999716
9776.599999998078
2071.5999999988708
2971.2000000021435
3881.400000005455
5200.400000010253
6280.400000014182
6935.5000000165655
7982.600000020375
8611.400000015034
8904.300000010771
9670.399999999623
9764.199999998258
644.2000000000619
738.4999999999761
1489.0999999992937
1846.799999998968
2085.399999998921
2380.099999999993
2983.6000000021886
3844.100000005319
4316.500000007038
5039.500000009668
5176.300000010166
5340.000000010761
6277.600000014172
6409.700000014653
6873.60000001634
7446.300000018424
8182.100000021101
8612.700000015015
8907.000000010732
9647.499999999956
9761.899999998292
8622.500000014872
200.60000000011132
618.2000000000855
734.0999999999801
1484.4999999992976
1637.999999999158
1847.999999998967
2065.9999999988504
2378.8999999999887
2847.2000000016924
2974.700000002156
3206.600000003
3844.700000005321
4300.200000006978
5036.800000009658
5164.700000010123
5337.100000010751
6273.600000014158
6414.200000014669
6645.600000015511
6869.600000016326
7278.200000017812
7444.700000018418
8170.500000021058
8605.600000015118
8683.900000013979
8899.400000010843
9641.70000000004
9756.799999998366
9895.799999996343
1491.0999999992916
2974.100000002154
5193.500000010228
6281.500000014186
6883.900000016378
7983.500000020378
8620.400000014903
8900.600000010825
9661.499999999753
9765.799999998237
2958.200000002096
3880.600000005452
5203.000000010263
6287.90000001421
7802.300000019719
8806.1000000122
9803.099999997692
653.5000000000534
1486.5999999992955
2064.0999999988435
2381.199999999997
2978.6000000021704
4306.500000007001
5165.800000010127
5341.700000010767
6275.600000014165
6883.500000016376
7275.500000017802
8172.700000021066
8610.100000015053
9656.999999999818
9771.099999998158
193.3000000001097
619.7000000000842
737.0999999999774
839.799999999884
1483.3999999992986
1613.99999999918
1846.799999998968
2049.899999998792
2378.099999999986
2837.800000001658
2968.900000002135
3041.9000000024007
3200.2000000029766
3720.900000004871
3844.000000005319
4086.800000006202
4301.400000006983
5034.900000009651
5158.600000010101
5336.300000010748
5485.700000011291
6034.600000013288
6173.300000013793
6273.400000014157
6406.700000014642
6768.500000015958
6862.300000016299
7266.60000001777
7442.200000018409
7977.200000020355
8167.700000021048
8601.900000015172
8683.500000013984
8775.700000012643
8903.00000001079
9645.099999999991
9752.599999998429
9902.79999999624
8622.100000014878
634.3000000000709
1491.899999999291
2070.899999998868
5188.900000010211
6280.000000014181
6922.600000016519
8612.30000001502
8904.100000010774
9648.899999999936
9783.99999999797
624.4000000000799
1484.4999999992976
2073.099999998876
2382.1000000000004
3847.10000000533
5172.400000010151
5339.200000010758
5498.300000011337
6279.500000014179
6882.100000016371
7447.500000018428
7807.700000019739
8190.20000002113
8613.100000015009
9662.499999999738
9769.399999998182
631.0000000000739
1489.599999999293
1857.199999998959
3847.900000005333
4846.900000008967
6283.000000014192
6844.5000000162345
8615.900000014968
9670.399999999623
2976.300000002162
6287.90000001421
6644.800000015508
7986.70000002039
8611.200000015036
9646.999999999964
5350.100000010798
9798.099999997765
628.1000000000765
741.1999999999737
6287.400000014208
8621.100000014892
9680.099999999482
740.3999999999744
834.4999999998888
928.1999999998036
1487.7999999992946
1844.8999999989696
2069.0999999988617
2380.099999999993
2970.20000000214
3844.900000005322
4328.10000000708
5037.30000000966
5168.3000000101365
5338.900000010757
6277.7000000141725
6767.400000015954
6862.200000016299
6938.000000016575
7448.600000018432
7978.700000020361
8175.900000021078
8601.800000015173
8900.600000010825
9661.999999999744
9752.499999998428
6283.500000014194
6883.100000016375
8608.500000015076
8899.300000010844
196.3000000001104
1487.7999999992946
1848.2999999989668
2381.199999999997
2831.200000001634
2961.0000000021064
3841.200000005309
4855.300000008998
5176.800000010167
5340.800000010764
6279.9000000141805
6804.300000016088
6919.400000016507
7801.000000019714
8181.600000021099
8615.000000014981
8805.700000012206
8901.900000010806
9769.699999998178
8616.800000014955
188.20000000010853
632.3000000000727
1046.6999999996958
1387.6999999993857
1483.1999999992988
1663.1999999991351
1847.6999999989675
2054.7999999988097
2377.1999999999825
2732.3000000012744
2968.8000000021348
3039.200000002391
3192.2000000029475
3730.600000004906
3853.6000000053536
4079.400000006175
4294.900000006959
5032.700000009643
5156.800000010095
5333.000000010736
5488.400000011301
6094.1000000135045
6271.700000014151
6405.200000014636
6772.900000015974
6867.100000016317
6919.400000016507
7263.200000017758
7439.7000000184
7801.300000019715
7979.800000020365
8164.2000000210355
8603.100000015154
8689.800000013893
8806.600000012193
8898.000000010863
9093.800000008014
9656.699999999822
9756.49999999837
9890.49999999642
1492.6999999992902
5191.100000010219
6281.300000014186
6935.400000016565
8603.000000015156
1867.9999999989489
2395.80000000005
5339.900000010761
8627.5000000148
9665.299999999696
186.60000000010817
622.6000000000815
741.7999999999731
1061.899999999682
1388.499999999385
1483.099999999299
1845.799999998969
2047.799999998785
2377.099999999982
2732.4000000012747
2970.7000000021417
3038.5000000023883
3192.7000000029493
3844.20000000532
4080.80000000618
4295.500000006961
4847.70000000897
5034.200000009649
5159.600000010105
5333.800000010739
5479.400000011268
6034.400000013287
6164.500000013761
6272.400000014153
6404.800000014635
6778.200000015993
6871.400000016332
6921.500000016515
7264.700000017763
7440.300000018402
7803.400000019723
7980.3000000203665
8166.100000021042
8602.00000001517
8804.200000012228
8895.900000010894
9095.600000007988
9655.599999999838
9755.19999999839
9887.79999999646
1491.9999999992908
2975.70000000216
6282.300000014189
6891.100000016404
7835.200000019839
7992.100000020409
8614.700000014986
8908.50000001071
9661.69999999975
9768.499999998196
667.4000000000408
1487.6999999992947
1615.899999999178
2068.9999999988613
2381.699999999999
2835.000000001648
2970.800000002142
3847.3000000053303
4313.000000007025
5040.200000009671
5173.000000010154
5340.600000010763
6277.900000014173
6639.300000015488
6797.800000016065
6882.200000016372
7449.200000018434
7800.500000019712
7979.800000020365
8608.800000015071
8801.400000012269
8895.900000010894
9640.200000000064
9760.899999998306
9890.699999996415
200.90000000011145
642.2000000000637
850.0999999998746
1485.5999999992966
2069.0999999988617
2380.9999999999964
2969.700000002138
3207.800000003004
3854.9000000053584
4309.00000000701
5164.300000010122
5340.1000000107615
6274.500000014161
6867.600000016319
7276.700000017807
7450.70000001844
7807.4000000197375
8172.700000021066
8613.800000014999
8819.400000012007
8902.700000010795
9662.29999999974
9763.39999999827
1484.7999999992974
1851.699999998964
2068.7999999988606
2380.9999999999964
2855.900000001724
2971.8000000021457
3845.800000005325
4329.200000007084
5042.400000009679
5173.100000010154
5338.200000010755
5511.100000011384
6277.200000014171
6865.20000001631
7449.200000018434
7978.200000020359
8621.000000014894
8900.100000010832
9667.699999999662
9781.799999998002
1489.9999999992926
2386.400000000016
2976.600000002163
5174.9000000101605
5342.700000010771
6281.700000014187
6929.500000016544
8613.00000001501
9771.199999998156
1485.5999999992966
2068.2999999988588
2379.3999999999905
2974.300000002155
4308.500000007009
5167.500000010134
5338.400000010755
5501.000000011347
6275.700000014165
6932.500000016555
7446.800000018426
8174.700000021074
8616.700000014956
8900.000000010834
2987.500000002203
6291.300000014222
8621.30000001489
7834.300000019835
8621.30000001489
8908.300000010713
2847.3000000016928
3845.700000005325
9676.09999999954
2386.0000000000146
2979.5000000021737
7981.500000020371
8616.000000014967
8901.500000010812
9646.799999999968
9802.399999997702
6880.300000016365
188.80000000010867
1061.1999999996826
1390.0999999993835
1483.2999999992987
1611.8999999991818
2040.899999998792
2377.599999999984
2856.200000001725
2969.100000002136
3039.00000000239
3193.200000002951
3845.1000000053223
4081.2000000061817
4299.300000006975
5033.100000009645
5154.800000010087
5334.900000010743
5483.800000011284
5609.900000011743
6159.500000013743
6273.000000014155
6406.000000014639
6873.40000001634
7270.900000017786
7441.600000018407
7980.3000000203665
8163.200000021032
8600.500000015192
8898.400000010857
9096.10000000798
9673.599999999577
9754.899999998392
9892.699999996388
5346.500000010785
3853.500000005353
6844.100000016233
8635.400000014684
1489.9999999992926
2837.600000001657
2973.9000000021533
4311.50000000702
5172.300000010151
6278.200000014174
6884.1000000163785
8185.700000021114
8905.200000010758
9667.499999999663
199.60000000011112
629.4000000000754
1484.7999999992974
2058.2999999988224
2379.5999999999917
2969.5000000021373
3198.3000000029697
3851.200000005345
4304.600000006994
5038.000000009663
5162.600000010116
5336.300000010748
6273.800000014158
6410.200000014655
6790.200000016037
6877.600000016355
7270.300000017783
7445.30000001842
7978.800000020361
8171.900000021063
8603.000000015156
8908.400000010712
9646.799999999968
9756.699999998367
192.70000000010955
1389.499999999384
1482.999999999299
2067.1999999988548
2378.699999999988
2831.200000001634
2966.5000000021264
3196.0000000029613
4296.400000006965
4505.3000000077245
5037.30000000966
5160.400000010108
5336.8000000107495
5493.000000011318
6163.500000013757
6273.3000000141565
6867.300000016317
7272.300000017791
7442.60000001841
7824.300000019799
7972.90000002034
8175.500000021077
8605.200000015124
8896.000000010892
9657.59999999981
9761.099999998303
9888.799999996443
1493.6999999992893
2381.9
2970.1000000021395
4310.500000007016
5172.500000010152
5344.800000010779
6277.800000014173
6878.700000016359
7978.200000020359
8619.700000014913
8900.100000010832
9672.499999999593
7806.900000019736
8621.700000014884
9659.899999999776
9768.999999998188
1488.399999999294
2975.0000000021573
5176.900000010168
6278.600000014176
6878.000000016356
7803.700000019724
8613.900000014997
8809.000000012158
9659.499999999782
9778.899999998044
202.80000000011185
1485.4999999992967
2829.900000001629
2952.5000000020755
4302.800000006988
4987.200000009478
5165.500000010126
5967.500000013044
6277.00000001417
6870.300000016328
7273.000000017793
7813.800000019761
7967.800000020321
8609.500000015061
8906.300000010742
9774.9999999981
9965.099999995336
5199.40000001025
6282.300000014189
8607.100000015096
9672.69999999959
197.10000000011053
1483.1999999992988
1614.3999999991795
1846.3999999989685
2064.8999999988464
2379.099999999989
2828.300000001624
2964.6000000021195
3199.4000000029737
3844.500000005321
4296.200000006964
5036.100000009656
5164.400000010122
5335.500000010745
5492.200000011315
6273.100000014156
6406.600000014641
6864.500000016307
6923.00000001652
7271.700000017789
7443.000000018412
7802.100000019718
7974.800000020346
8173.200000021068
8602.100000015169
8690.200000013887
8816.300000012052
8898.300000010859
9637.100000000108
9758.399999998344
9892.799999996389
6921.600000016515
199.60000000011112
626.500000000078
1483.3999999992986
1849.4999999989657
2057.1999999988184
2379.9999999999927
2967.7000000021308
3844.600000005321
4298.500000006972
5036.300000009656
5163.600000010119
5338.100000010754
5501.500000011349
6274.30000001416
6863.100000016302
7273.100000017794
7445.40000001842
7980.700000020368
8172.400000021065
8601.40000001518
8898.500000010856
9659.499999999782
9761.899999998292
6287.300000014207
8620.500000014901
6919.400000016507
8620.100000014907
189.2000000001088
359.90000000014754
623.7000000000805
740.1999999999746
841.999999999882
925.9999999998056
1049.899999999693
1482.6999999992993
1608.399999999185
1778.1999999990303
2038.999999998793
2377.3999999999837
2606.300000000816
2953.3000000020784
3037.4000000023843
3192.90000000295
3843.9000000053184
3963.5000000057535
4081.900000006184
4296.300000006964
4961.500000009384
5034.200000009649
5158.2000000101
5334.500000010741
5479.90000001127
5606.900000011732
5959.000000013013
6164.900000013762
6272.700000014154
6409.1000000146505
6618.500000015412
6767.200000015953
6872.300000016336
6923.300000016521
7265.900000017767
7440.700000018403
7755.80000001955
7958.400000020287
8167.600000021048
8599.900000015201
8696.400000013797
8793.000000012391
8899.60000001084
8982.300000009636
9639.00000000008
9750.099999998463
9892.099999996395
9976.899999995165
1495.9999999992872
9791.299999997864
8622.500000014872
2834.6000000016465
3842.200000005312
4840.300000008943
5838.200000012574
6844.200000016233
7844.000000019871
9836.19999999721
6284.400000014197
2970.1000000021395
5185.400000010199
6281.100000014185
6879.200000016361
8635.800000014679
625.7000000000787
840.3999999998834
949.1999999997844
1487.8999999992946
1851.299999998964
2055.699999998813
2386.6000000000167
2839.2000000016637
2957.4000000020933
3842.100000005312
4968.100000009408
5038.200000009663
5172.00000001015
5339.900000010761
5961.600000013023
6278.8000000141765
6845.700000016239
6923.800000016523
7962.900000020303
8602.200000015167
8905.900000010748
9644.4
9764.999999998246
193.0000000001096
635.5000000000698
736.9999999999775
835.8999999998875
1483.3999999992986
1653.1999999991442
1841.9999999989725
2067.8999999988573
2378.599999999988
2726.700000001254
2828.6000000016247
2973.500000002152
3196.800000002964
3836.700000005292
4297.100000006967
4835.000000008924
5035.800000009655
5163.400000010119
5335.400000010744
5832.000000012551
6273.200000014156
6407.500000014645
6715.700000015766
6842.000000016225
6921.500000016515
7271.000000017786
7443.400000018413
7838.800000019852
7980.700000020368
8172.800000021067
8609.700000015058
8706.000000013657
8895.800000010895
9644.5
9757.999999998348
9839.69999999716
667.6000000000406
1484.6999999992977
1618.099999999176
2058.499999998823
2378.999999999989
2970.6000000021413
3853.8000000053535
4301.600000006984
5036.800000009658
5166.200000010129
5337.500000010752
5495.800000011328
6274.4000000141605
6406.400000014641
6639.90000001549
6875.500000016347
7272.900000017793
7442.700000018411
7801.100000019715
7983.200000020377
8176.200000021079
8611.70000001503
8682.300000014002
8898.20000001086
9638.800000000085
9761.99999999829
9897.099999996324
6919.800000016508
626.3000000000782
1487.299999999295
5166.50000001013
6278.200000014174
6881.100000016368
8612.600000015016
9671.399999999609
5184.100000010194
6283.900000014195
6921.600000016515
8615.900000014968
2960.7000000021053
6282.900000014191
7966.700000020317
8608.300000015079
9665.79999999969
9772.699999998134
1495.9999999992872
3849.300000005338
6285.900000014202
6881.500000016369
8621.500000014887
667.8000000000404
1485.4999999992967
2072.3999999988737
2380.6999999999957
3851.500000005346
4324.300000007066
5168.900000010139
5341.100000010765
6275.700000014165
6878.200000016357
7452.400000018446
8607.600000015089
8896.900000010879
9668.49999999965
9782.799999997987
9893.499999996377
675.2000000000337
1487.499999999295
1796.299999999014
2825.100000001612
2968.8000000021348
3855.20000000536
4796.000000008782
5171.700000010149
6279.200000014178
6804.200000016088
6920.800000016512
7797.300000019701
7977.000000020354
8614.600000014987
8688.900000013906
8801.100000012273
8900.30000001083
9676.79999999953
9786.999999997926
2391.7000000000357
5194.300000010231
5343.000000010772
6280.700000014183
8637.600000014652
8907.000000010732
6284.100000014196
6921.800000016516
8617.80000001494
1494.8999999992882
2851.200000001707
2975.400000002159
3847.0000000053296
6283.500000014194
6878.800000016359
7809.200000019744
7982.300000020374
8615.700000014971
8905.900000010748
9672.799999999588
9799.299999997747
1486.399999999296
2074.09999999888
2380.799999999996
2962.600000002112
4320.100000007051
5171.300000010147
5338.400000010755
6277.7000000141725
6410.100000014654
6879.00000001636
7802.000000019718
7969.700000020328
8614.800000014984
8814.700000012075
9665.0999999997
9779.999999998028
193.3000000001097
662.4000000000453
1052.5999999996905
1388.8999999993846
1483.2999999992987
1653.399999999144
1777.3999999990313
2057.1999999988184
2377.499999999984
2673.30000000106
2830.00000000163
2972.8000000021493
3192.90000000295
3845.200000005323
4083.6000000061904
4296.200000006964
4796.400000008784
5034.000000009648
5163.300000010118
5335.000000010743
5480.200000011271
5689.400000012032
6272.2000000141525
6407.800000014646
6637.300000015481
6767.800000015955
6873.700000016341
7265.800000017767
7439.200000018398
7701.400000019352
7796.900000019699
8170.600000021059
8602.300000015166
8675.700000014098
8771.000000012711
8899.300000010844
9097.50000000796
9636.90000000011
9710.199999999044
9769.49999999818
9898.7999999963
6923.300000016521
8629.50000001477
1495.099999999288
8625.700000014825
1491.5999999992912
2974.900000002157
6280.800000014184
6920.800000016512
7804.100000019725
8613.300000015006
8807.200000012184
9674.299999999566
9802.799999997696
192.4000000001095
1481.9999999993
2068.9999999988613
2377.7999999999847
2731.900000001273
2971.8000000021457
3193.9000000029537
3850.000000005341
4296.400000006965
5036.000000009655
5165.0000000101245
5335.800000010746
6273.200000014156
6409.600000014652
6873.1000000163385
7271.500000017788
7443.000000018412
8169.300000021054
8606.300000015108
8900.500000010827
9661.399999999754
9763.39999999827
1487.7999999992946
4318.200000007044
5169.800000010142
5343.4000000107735
6278.000000014174
6928.000000016538
8180.4000000210945
9768.399999998195
986.5999999997504
1489.599999999293
2954.000000002081
3850.3000000053416
4330.90000000709
4965.100000009397
5178.2000000101725
5349.100000010794
6278.8000000141765
6879.10000001636
6970.000000016691
7966.000000020314
8610.90000001504
8911.400000010668
9673.199999999582
9971.099999995247
6282.300000014189
8619.90000001491
8632.000000014734
9679.699999999488
641.7000000000642
8625.900000014823
640.7000000000651
8613.600000015002
9657.299999999814
1497.8999999992857
2971.2000000021435
5184.200000010194
6281.600000014187
8623.400000014859
9785.39999999795
