604.1000000000984
740.5999999999742
875.6999999998513
930.1999999998018
1599.2999999991932
2588.700000000752
2829.800000001629
2965.4000000021224
3582.100000004366
3850.400000005342
4577.900000007989
5586.900000011659
5682.100000012006
6587.7000000153
6873.700000016341
7624.400000019072
7717.100000019409
7820.400000019785
7965.600000020313
8575.600000015555
8603.900000015143
8681.900000014008
8903.00000001079
9579.400000000947
9655.299999999845
9753.09999999842
9832.79999999726
9962.399999995374
603.0000000000994
742.0999999999729
1597.8999999991945
2584.000000000735
2598.900000000789
3580.700000004361
3874.300000005429
4576.500000007984
5582.500000011643
5681.100000012002
6586.900000015297
6619.500000015416
6784.300000016016
6877.900000016356
7608.800000019015
7758.50000001956
8575.100000015562
8606.300000015108
8678.600000014056
8897.200000010875
9578.60000000096
9648.499999999942
9661.499999999753
9754.299999998402
9886.499999996478
606.8000000000959
1604.0999999991889
1861.599999998955
2597.200000000783
2971.8000000021457
3585.400000004378
3863.000000005388
4579.000000007993
5590.400000011672
6591.100000015313
6874.500000016344
7648.000000019158
7800.100000019711
8576.400000015543
8609.400000015063
8901.70000001081
9581.100000000924
9658.699999999792
9758.799999998337
9872.799999996678
601.9000000001004
744.099999999971
1597.7999999991946
1650.099999999147
2583.9000000007345
2614.800000000847
3581.800000004365
3666.4000000046726
4578.500000007991
5584.000000011649
5670.500000011964
6587.200000015298
6640.500000015492
6777.40000001599
6891.400000016405
7607.000000019008
7701.100000019351
7799.600000019709
8576.000000015549
8602.800000015159
8659.80000001433
8680.800000014024
9580.200000000936
9651.699999999895
9661.299999999756
9752.39999999843
604.3000000000982
1600.9999999991917
2593.60000000077
2968.000000002132
3585.100000004377
3864.500000005393
4579.200000007993
5587.700000011662
6590.100000015309
6875.700000016348
6920.900000016512
7629.100000019089
7805.700000019731
7970.100000020329
8576.500000015541
8609.000000015069
8902.600000010796
9581.100000000924
9660.399999999769
9762.099999998289
9892.59999999639
604.7000000000978
1598.6999999991938
1665.7999999991328
2589.6000000007552
3584.000000004373
4579.5000000079945
5586.100000011656
5673.400000011974
6588.600000015304
6631.400000015459
6878.700000016359
7620.000000019056
7758.70000001956
8576.200000015546
8605.40000001512
8670.80000001417
8897.50000001087
9580.500000000931
9646.199999999975
9685.899999999398
9759.99999999832
9901.199999996265
604.8000000000977
625.1000000000793
734.9999999999793
1601.0999999991916
2584.7000000007374
2834.1000000016447
3578.800000004354
3867.700000005405
4575.50000000798
5580.700000011637
6586.300000015295
6798.100000016066
6921.600000016515
7619.700000019055
7708.000000019376
7799.80000001971
8574.400000015572
8608.800000015071
8807.900000012174
9578.700000000958
9656.599999999824
9752.699999998424
9837.59999999719
605.3000000000973
1604.3999999991886
2597.7000000007847
3587.300000004385
3917.500000005586
4580.600000007999
5592.100000011678
6593.300000015321
6881.000000016367
7731.20000001946
8576.500000015541
8610.30000001505
8914.900000010617
9581.400000000918
9659.099999999788
9756.599999998369
606.0000000000966
1601.1999999991915
2586.7000000007447
2973.200000002151
3581.2000000043627
3875.000000005432
4577.100000007986
5583.600000011647
6587.000000015298
6798.900000016069
6881.80000001637
7621.600000019062
7797.0000000197
8575.100000015562
8609.400000015063
8802.00000001226
9579.700000000945
9659.499999999782
9756.699999998367
9804.799999997667
602.5000000000998
738.7999999999759
1599.2999999991932
1642.8999999991536
2583.100000000732
2848.0000000016958
3579.700000004357
3710.9000000048345
3853.8000000053535
4575.800000007981
5580.500000011636
5670.400000011963
6586.400000015296
6631.70000001546
6767.500000015954
6880.000000016364
7611.300000019024
7713.200000019395
7801.900000019717
8574.400000015572
8609.100000015067
8650.80000001446
8898.700000010853
9578.300000000963
9643.700000000012
9755.499999998385
9849.799999997012
609.4000000000935
1608.7999999991846
2598.900000000789
2972.400000002148
3586.9000000043834
3877.600000005441
4581.000000008
5594.100000011686
6593.10000001532
6876.600000016351
7748.200000019522
7802.900000019721
7982.800000020376
8577.200000015531
8614.900000014983
8804.900000012218
9582.300000000903
9664.199999999712
9758.299999998344
9809.599999997596
601.9000000001004
735.399999999979
1599.0999999991934
1692.0999999991088
1880.4999999989373
2582.8000000007305
2728.30000000126
2971.5000000021446
3578.7000000043536
3695.3000000047778
3855.100000005359
4575.200000007979
4730.000000008542
5580.300000011635
5676.800000011986
6585.200000015291
6724.800000015799
6874.400000016343
7604.700000019
7698.900000019343
7797.700000019702
7976.300000020352
8574.000000015578
8607.50000001509
8679.200000014047
8904.200000010773
9578.300000000963
9654.999999999847
9748.399999998488
9803.29999999769
605.9000000000967
1601.699999999191
2592.800000000767
3584.100000004373
4578.900000007992
5587.400000011661
6589.500000015307
6877.200000016353
7620.300000019057
7823.300000019795
8576.400000015543
8609.200000015066
8900.500000010827
9580.500000000931
9658.399999999798
9756.399999998372
603.5000000000989
623.7000000000805
733.3999999999808
1600.2999999991923
1631.6999999991638
1784.7999999990243
2587.900000000749
2830.7000000016324
3580.800000004361
3712.900000004842
3848.400000005335
4576.400000007983
5583.700000011648
5670.500000011964
6587.100000015298
6622.200000015426
6767.600000015955
6881.300000016368
7618.40000001905
7708.600000019378
7808.300000019741
8575.300000015559
8609.000000015069
8653.700000014418
8900.600000010825
9579.300000000949
9637.6000000001
9663.79999999972
9750.799999998451
9833.599999997248
613.6000000000897
1612.0999999991816
2604.3000000008087
3589.500000004393
4582.900000008007
5602.100000011715
6600.600000015347
6889.500000016398
8578.200000015517
8619.90000001491
9583.40000000089
9668.999999999643
9764.79999999825
600.3000000001018
738.2999999999763
1597.6999999991947
2582.000000000728
2601.100000000797
3578.4000000043525
4575.900000007981
5580.200000011635
6585.800000015293
6632.100000015462
6879.10000001636
7601.90000001899
7722.600000019429
7819.300000019781
8574.50000001557
8601.500000015178
8683.600000013983
8905.000000010761
9577.700000000972
9655.699999999835
9753.599999998412
608.2000000000946
740.6999999999741
1599.3999999991931
1628.099999999167
1771.199999999037
2596.40000000078
3585.700000004379
4579.800000007996
5589.7000000116695
6590.30000001531
6621.500000015423
6766.900000015952
6884.300000016379
7619.700000019055
7755.300000019548
8576.700000015539
8607.50000001509
8793.600000012382
9581.30000000092
9646.199999999975
9751.199999998447
597.5000000001044
613.2000000000901
736.7999999999777
1596.5999999991957
1651.6999999991456
1849.2999999989656
2580.3000000007214
2842.9000000016767
2969.700000002138
3575.4000000043416
3589.200000004392
3842.6000000053136
4574.300000007976
5578.000000011627
5611.500000011749
6582.10000001528
6604.700000015362
6772.700000015973
6873.000000016338
7592.800000018957
7720.700000019422
7806.400000019734
7978.300000020359
8573.90000001558
8601.100000015183
8627.4000000148
8898.800000010851
9577.000000000982
9647.599999999957
9751.79999999844
9840.29999999715
604.500000000098
735.5999999999788
1601.399999999191
2589.200000000754
2971.5000000021446
3582.5000000043674
4577.900000007989
5584.600000011651
5676.800000011986
6588.000000015301
6770.100000015964
6888.700000016395
7626.70000001908
7756.600000019553
7987.200000020392
8575.600000015555
8609.400000015063
8679.100000014048
8816.900000012043
9579.700000000945
9655.49999999984
9754.099999998403
9851.799999996983
606.1000000000965
1600.0999999991925
1884.4999999989336
2589.1000000007534
2842.600000001676
3581.500000004364
3845.700000005325
4577.700000007988
5584.2000000116495
6587.400000015299
6633.600000015467
6875.000000016345
7625.100000019074
7798.200000019704
8575.500000015556
8609.500000015061
8903.200000010787
9579.500000000946
9647.499999999956
9756.299999998371
9834.09999999724
614.2000000000892
742.5999999999724
1604.4999999991885
2597.800000000785
3588.500000004389
4583.100000008008
5595.900000011692
6594.200000015324
6767.600000015955
7819.700000019782
8578.300000015515
8609.400000015063
9583.700000000885
9657.699999999808
9756.899999998364
607.1000000000956
1599.3999999991931
1632.3999999991631
2595.700000000777
3584.7000000043754
4578.900000007992
5588.200000011664
5676.900000011987
6589.800000015308
6625.500000015438
6891.700000016406
7611.100000019023
7799.500000019709
8576.60000001554
8606.500000015105
8672.500000014144
9581.100000000924
9643.700000000012
9757.29999999836
606.3000000000964
1603.899999999189
2596.2000000007797
3584.800000004376
4579.100000007993
5587.800000011663
6589.600000015307
6881.000000016367
7640.40000001913
7800.100000019711
8576.300000015544
8610.700000015044
9580.900000000926
9659.199999999786
9757.799999998351
605.600000000097
1602.4999999991903
2593.3000000007687
3582.8000000043685
3855.8000000053617
4577.800000007988
5585.400000011654
5678.400000011992
6588.600000015304
6785.900000016021
6880.800000016367
7637.70000001912
7753.00000001954
7803.300000019723
8575.90000001555
8610.600000015045
8801.800000012263
9580.00000000094
9657.199999999815
9755.999999998376
9810.199999997589
601.7000000001005
623.7000000000805
735.4999999999789
1597.9999999991944
1636.3999999991595
1789.89999999902
2581.800000000727
2626.000000000888
2830.2000000016305
3578.600000004353
3688.800000004754
3844.20000000532
4575.40000000798
5580.000000011634
5665.700000011946
6585.800000015293
6625.700000015439
6767.500000015954
6873.60000001634
7601.400000018988
7714.800000019401
7808.500000019741
8574.700000015568
8603.200000015153
8635.70000001468
8911.700000010664
9578.300000000963
9638.000000000096
9664.39999999971
9751.899999998435
9832.599999997265
606.3000000000964
743.9999999999711
1601.5999999991911
1720.7999999990827
1871.9999999989448
2591.700000000763
3584.5000000043747
3711.000000004835
3871.100000005417
4578.800000007992
5586.600000011658
5683.40000001201
6588.900000015305
6879.600000016362
7641.500000019134
7704.400000019363
7816.000000019769
8576.100000015547
8609.800000015057
8690.400000013884
8903.600000010782
9580.300000000934
9650.899999999909
9663.199999999728
9754.4999999984
9855.599999996928
602.5000000000998
638.7000000000669
739.3999999999753
836.9999999998865
1599.6999999991929
1848.8999999989665
2583.0000000007312
2829.6000000016284
3579.700000004357
3844.000000005319
4575.900000007981
4843.500000008955
5581.100000011638
5677.400000011989
6586.200000015295
6640.800000015493
6778.800000015996
6875.3000000163465
7611.200000019024
7702.4000000193555
7797.500000019701
8575.000000015563
8607.400000015092
8679.300000014046
8801.700000012264
9578.700000000958
9656.499999999824
9751.899999998435
9800.899999997724
9863.09999999682
607.2000000000955
1602.89999999919
2593.100000000768
3581.2000000043627
4578.000000007989
5583.400000011647
6587.000000015298
6878.500000016358
7642.500000019138
8575.700000015553
8609.100000015067
9580.00000000094
9661.499999999753
9759.89999999832
608.3000000000945
1599.8999999991927
2593.100000000768
3585.6000000043787
4580.100000007997
5590.000000011671
6590.900000015312
6790.500000016038
7611.500000019025
8577.400000015528
8607.300000015093
9582.200000000908
9660.29999999977
9756.899999998364
607.4000000000954
741.4999999999734
1601.699999999191
2595.600000000777
3583.800000004372
4578.400000007991
5587.00000001166
5677.300000011988
6589.600000015307
6787.600000016028
6881.70000001637
7628.400000019086
7796.200000019697
8576.400000015543
8608.90000001507
8692.400000013855
8898.20000001086
9580.900000000926
9658.099999999802
9756.099999998376
9897.899999996313
600.4000000001017
1600.0999999991925
2579.90000000072
3574.400000004338
4574.500000007976
5578.400000011628
6579.800000015272
6600.600000015347
6879.600000016362
7588.600000018941
8573.90000001558
8606.600000015103
9577.600000000974
9655.699999999835
9756.999999998365
9896.399999996334
602.1000000001002
742.4999999999725
1600.499999999192
2582.400000000729
2971.0000000021428
3581.4000000043634
4577.500000007987
5582.600000011644
5673.200000011973
6587.100000015298
6642.900000015501
6880.200000016364
7621.20000001906
7758.60000001956
7978.1000000203585
8574.900000015565
8609.400000015063
8674.100000014121
9578.60000000096
9655.299999999845
9755.399999998386
600.7000000001015
739.3999999999753
1598.9999999991935
1652.9999999991444
1785.7999999990236
2583.9000000007345
2603.7000000008065
2970.500000002141
3580.40000000436
3859.500000005375
4576.600000007984
5581.900000011641
5674.90000001198
6586.800000015297
6626.10000001544
6766.500000015951
6876.000000016349
7610.10000001902
7725.60000001944
7801.100000019715
7977.300000020356
8575.100000015562
8603.200000015153
8654.20000001441
8800.900000012276
9578.900000000956
9648.499999999942
9661.099999999758
9751.69999999844
9810.89999999758
608.900000000094
1603.899999999189
2598.900000000789
3587.2000000043845
4582.200000008004
5593.200000011682
6592.100000015316
6878.700000016359
7627.800000019084
7817.700000019775
8577.700000015524
8609.60000001506
9583.000000000897
9657.299999999814
9763.499999998268
604.2000000000983
629.3000000000754
735.8999999999785
1599.9999999991926
1766.9999999990407
2593.60000000077
3584.300000004374
4578.600000007991
4750.900000008618
5587.300000011661
5674.90000001198
6589.300000015306
6626.8000000154425
6760.100000015927
6875.900000016349
7620.000000019056
7704.200000019362
7758.2000000195585
8576.700000015539
8607.700000015087
8655.300000014395
8768.900000012742
9580.60000000093
9646.399999999972
9748.99999999848
9836.499999997206
607.2000000000955
1603.2999999991896
2596.5000000007803
3585.6000000043787
4579.5000000079945
5588.800000011666
6590.100000015309
6881.100000016368
7633.100000019103
7802.70000001972
8576.400000015543
8610.500000015047
9581.000000000924
9657.999999999804
9757.399999998355
604.6000000000979
739.8999999999749
1602.69999999919
2593.3000000007687
2970.7000000021417
3583.9000000043725
4578.500000007991
5586.500000011658
6589.200000015306
6879.800000016363
7642.400000019137
7803.400000019723
7980.000000020365
8576.100000015547
8609.100000015067
9580.500000000931
9658.1999999998
9755.89999999838
607.3000000000955
1602.69999999919
2597.1000000007825
3585.700000004379
4580.100000007997
5590.000000011671
6590.30000001531
6779.700000015999
6893.100000016411
7628.500000019087
7800.700000019713
8576.800000015537
8610.200000015051
9581.700000000914
9657.399999999812
9756.899999998364
602.3000000001
635.2000000000701
737.1999999999773
1597.9999999991944
1631.1999999991642
1765.699999999042
1861.3999999989549
2588.600000000752
2837.600000001657
2971.2000000021435
3580.200000004359
3662.700000004659
3845.700000005325
4575.900000007981
5582.100000011642
5652.100000011897
6586.800000015297
6621.100000015422
6761.200000015931
6875.000000016345
7607.3000000190095
7725.100000019438
7820.700000019786
7986.000000020387
8574.60000001557
8603.900000015143
8636.900000014663
8773.000000012682
9578.800000000956
9636.700000000114
9748.699999998484
9800.999999997724
607.1000000000956
1600.3999999991922
1636.6999999991592
2592.300000000765
3585.400000004378
4580.700000007999
5589.000000011667
6589.500000015307
6629.0000000154505
6879.00000001636
7620.100000019056
7804.600000019727
8577.000000015534
8608.500000015076
9582.00000000091
9640.000000000064
9665.79999999969
9759.89999999832
606.6000000000961
1601.1999999991915
1873.599999998944
2593.3000000007687
3581.7000000043645
3863.7000000053904
4577.800000007988
5584.500000011651
6588.300000015302
6875.900000016349
7626.80000001908
8575.600000015555
8608.500000015076
8898.20000001086
9579.400000000947
9658.099999999802
9759.89999999832
9886.599999996475
608.2000000000946
1602.1999999991906
2596.6000000007807
3584.800000004376
4579.200000007993
5588.500000011665
5680.700000012001
6590.000000015309
6794.800000016054
6889.3000000163975
7799.500000019709
8576.60000001554
8610.800000015042
8685.700000013952
8902.3000000108
9581.30000000092
9659.199999999786
9758.59999999834
606.9000000000958
1601.399999999191
2596.40000000078
3584.800000004376
4578.900000007992
5587.800000011663
6590.50000001531
6879.200000016361
7622.900000019066
7801.400000019716
8576.60000001554
8609.000000015069
9580.900000000926
9656.399999999829
9758.199999998344
606.2000000000965
1601.699999999191
2587.8000000007487
3580.50000000436
4576.200000007982
5583.300000011646
6586.900000015297
6879.10000001636
7641.800000019135
8574.400000015572
8610.200000015051
8901.70000001081
9578.000000000968
9659.499999999782
9761.899999998292
603.1000000000993
1601.799999999191
2593.500000000769
3582.900000004369
4578.000000007989
5585.600000011655
5676.200000011984
6588.600000015304
6890.300000016401
7621.800000019062
7801.800000019717
8575.700000015553
8609.300000015064
8680.700000014025
9579.90000000094
9658.099999999802
9757.09999999836
603.400000000099
740.4999999999743
1600.699999999192
2595.1000000007757
3584.300000004374
4578.800000007992
5587.10000001166
6589.500000015307
6617.100000015407
6878.200000016357
7614.500000019036
8576.60000001554
8608.90000001507
9580.900000000926
9647.099999999962
9759.099999998332
604.4000000000981
894.0999999998346
1599.6999999991929
2587.600000000748
2849.5000000017008
3581.300000004363
3870.200000005414
4577.000000007985
5583.1000000116455
6587.7000000153
6874.300000016343
7620.000000019056
7801.100000019715
8574.800000015566
8608.400000015077
8900.30000001083
9579.000000000951
9657.59999999981
9757.19999999836
9839.399999997164
610.2000000000928
1601.4999999991912
2594.9000000007745
3585.200000004377
3879.300000005447
4580.100000007997
5589.90000001167
6589.800000015308
6879.800000016363
7636.400000019115
8577.200000015531
8612.30000001502
8901.300000010815
9581.700000000914
9661.499999999753
9768.999999998188
605.4000000000972
1599.0999999991934
2585.100000000739
2852.600000001712
3580.3000000043594
3863.400000005389
4576.900000007985
5583.000000011645
6586.800000015297
6874.800000016345
7609.000000019016
7805.2000000197295
8575.100000015562
8608.20000001508
9579.20000000095
9656.89999999982
9757.19999999836
9856.79999999691
594.1000000001075
606.3000000000964
737.6999999999769
1598.599999999194
1865.599999998951
2581.600000000726
2622.700000000876
2860.30000000174
3579.300000004356
3870.9000000054166
4575.60000000798
5582.0000000116415
5674.400000011978
6586.000000015294
6618.600000015413
6780.800000016003
6877.200000016353
7599.000000018979
7802.50000001972
8574.800000015566
8605.800000015115
8673.50000001413
8899.800000010837
9577.90000000097
9646.899999999963
9754.3999999984
9852.999999996966
606.8000000000959
1608.399999999185
2600.4000000007945
3587.8000000043867
4582.300000008005
5598.0000000117
6594.700000015326
6920.800000016512
8577.400000015528
8611.400000015034
9582.400000000904
9658.89999999979
9760.399999998312
598.5000000001035
663.8000000000441
735.5999999999788
1601.1999999991915
1651.3999999991458
1775.0999999990331
2589.1000000007534
2973.200000002151
3582.0000000043656
4577.600000007988
5584.700000011651
5670.700000011964
6587.800000015301
6637.700000015482
6768.300000015957
6880.200000016364
7621.900000019063
7753.8000000195425
7981.20000002037
8575.700000015553
8609.000000015069
8675.100000014107
8802.00000001226
9579.800000000942
9654.399999999856
9750.29999999846
9803.699999997683
600.100000000102
621.6000000000824
741.3999999999735
1597.4999999991949
1692.999999999108
1871.099999998946
2578.600000000715
2831.000000001633
3574.100000004337
3591.1000000043987
3850.400000005342
4573.900000007974
5572.300000011606
5588.000000011663
5680.700000012001
6578.200000015266
6590.100000015309
6778.200000015993
6875.200000016346
7588.700000018942
7706.40000001937
7800.300000019712
8573.100000015591
8601.000000015185
8651.800000014446
8812.700000012104
8898.600000010854
9575.900000000998
9648.099999999948
9679.099999999497
9756.099999998376
9833.999999997242
607.9000000000949
738.1999999999764
1602.89999999919
2595.800000000778
3584.900000004376
4579.100000007993
5588.800000011666
6589.900000015308
6789.300000016034
6920.20000001651
7644.000000019143
7797.0000000197
8576.700000015539
8609.400000015063
9581.20000000092
9651.099999999904
9663.69999999972
9757.19999999836
607.3000000000955
1603.599999999189
2597.400000000784
3585.3000000043776
4580.400000007998
5593.700000011684
6590.200000015309
7810.300000019748
8577.30000001553
8610.400000015048
9582.100000000908
9661.499999999753
9759.29999999833
601.8000000001005
1598.9999999991935
2580.8000000007232
2844.0000000016807
3576.300000004345
3866.900000005402
4574.700000007977
5578.300000011628
5674.500000011978
6582.20000001528
6617.100000015407
6785.800000016021
6878.600000016359
7600.900000018986
7704.800000019364
7800.600000019713
8574.000000015578
8607.200000015095
8678.900000014051
8819.400000012007
9577.500000000977
9648.299999999945
9661.399999999754
9754.599999998398
9829.599999997306
603.7000000000987
1600.1999999991924
2584.900000000738
3579.8000000043576
3866.8000000054017
4576.600000007984
5582.400000011643
6587.000000015298
6875.600000016348
7612.300000019028
7805.40000001973
8575.400000015557
8608.300000015079
9579.100000000952
9655.299999999845
9755.499999998385
9855.399999996933
606.700000000096
742.1999999999728
927.0999999998046
1599.599999999193
1654.0999999991434
1865.699999998951
2590.80000000076
2846.60000000169
2965.800000002124
3582.400000004367
3853.400000005353
4577.800000007988
5584.800000011652
5968.700000013048
6588.500000015303
6630.900000015457
6768.300000015957
6875.700000016348
7611.300000019024
7756.700000019553
7966.800000020317
8575.700000015553
8603.300000015151
8652.400000014437
8904.100000010774
9580.100000000935
9646.799999999968
9752.799999998424
9838.699999997174
9965.899999995325
602.0000000001003
739.9999999999748
1601.799999999191
1659.1999999991388
2589.4000000007545
3582.5000000043674
4577.700000007988
5584.500000011651
5670.600000011964
6587.900000015301
6768.1000000159565
6881.70000001637
6923.10000001652
7631.600000019098
7755.600000019549
8575.400000015557
8609.700000015058
8668.00000001421
8905.900000010748
9579.500000000946
9655.999999999833
9754.899999998392
9851.29999999699
603.6000000000988
624.4000000000799
1599.8999999991927
2582.100000000728
2857.50000000173
3579.600000004357
4575.60000000798
5580.600000011636
5678.300000011992
6585.600000015293
6875.200000016346
7613.00000001903
7731.8000000194625
7803.200000019722
8574.100000015576
8608.400000015077
8682.100000014005
8812.000000012114
9578.100000000966
9655.799999999836
9755.699999998382
9833.199999997254
604.500000000098
621.7000000000824
734.7999999999795
1599.499999999193
1619.0999999991752
1773.7999999990343
1876.999999998941
2589.1000000007534
2616.600000000853
2833.5000000016425
3584.000000004373
3689.400000004756
3847.800000005333
4578.800000007992
5585.3000000116535
5643.3000000118645
6588.200000015302
6611.600000015387
6766.800000015952
6875.500000016347
7610.800000019022
7753.10000001954
7856.200000019915
7981.500000020371
8576.100000015547
8606.600000015103
8637.80000001465
8803.000000012245
9580.400000000933
9635.300000000134
9749.999999998465
9833.899999997244
604.500000000098
1599.9999999991926
2586.6000000007443
2850.6000000017048
2970.9000000021424
3580.9000000043616
3858.10000000537
3916.900000005584
4576.700000007984
5583.1000000116455
5680.100000011998
6587.100000015298
6779.200000015997
6877.700000016355
6916.700000016497
7618.900000019052
7753.500000019541
7807.300000019737
7972.000000020336
8575.000000015563
8608.20000001508
8688.900000013906
8808.100000012171
8924.200000010482
9579.000000000951
9655.39999999984
9752.899999998424
9811.199999997574
9958.59999999543
604.4000000000981
740.5999999999742
1600.8999999991918
2594.4000000007727
3584.4000000043743
4579.100000007993
5588.300000011664
6590.200000015309
6623.600000015431
6881.9000000163705
7620.100000019056
7808.10000001974
8577.100000015533
8609.500000015061
8898.000000010863
9581.400000000918
9659.299999999785
9758.999999998334
9893.699999996374
607.9000000000949
1599.599999999193
2582.3000000007287
3579.8000000043576
4577.000000007985
5581.900000011641
6586.500000015296
6876.900000016352
7607.200000019009
8575.600000015555
8608.800000015071
9579.300000000949
9658.799999999792
9759.19999999833
606.9000000000958
938.2999999997944
1604.4999999991885
2597.1000000007825
2832.4000000016385
2968.8000000021348
3584.900000004376
4579.700000007995
5589.000000011667
6590.30000001531
6637.500000015481
6897.800000016428
7635.200000019111
7826.600000019807
7969.200000020326
8576.700000015539
8610.800000015042
9581.400000000918
9647.099999999962
9754.599999998398
9834.299999997238
9970.999999995249
603.8000000000986
741.899999999973
1602.5999999991902
2590.0000000007567
3582.100000004366
4577.400000007987
5584.500000011651
6588.000000015301
6774.200000015979
6880.400000016365
7627.300000019082
7731.10000001946
8575.700000015553
8609.100000015067
8682.300000014002
8922.9000000105
9579.600000000944
9655.799999999836
9752.199999998433
9853.199999996965
603.7000000000987
670.3000000000382
740.4999999999743
1598.7999999991937
1637.5999999991584
1873.099999998944
2584.200000000736
2605.0000000008117
3581.2000000043627
3671.00000000469
3875.400000005433
4576.900000007985
5585.3000000116535
5668.900000011958
6587.100000015298
6626.900000015443
6775.800000015985
6876.000000016349
7609.100000019016
7724.500000019436
7814.500000019763
8575.20000001556
8605.800000015115
8654.9000000144
8899.700000010838
9579.20000000095
9645.999999999978
9664.499999999707
9754.199999998404
9866.799999996763
606.700000000096
1602.99999999919
2596.5000000007803
2834.700000001647
3585.0000000043765
3855.500000005361
4579.200000007993
5587.800000011663
6589.800000015308
6795.300000016056
6918.600000016504
7725.000000019438
7799.500000019709
8576.500000015541
8610.200000015051
8803.700000012235
9580.800000000929
9658.799999999792
9755.19999999839
9836.299999997207
604.0000000000985
734.5999999999797
1600.499999999192
2587.8000000007487
2831.5000000016357
3581.2000000043627
3704.1000000048098
3869.600000005412
4577.100000007986
5583.200000011646
5675.600000011982
6587.400000015299
6634.000000015469
6779.200000015997
6881.000000016367
7622.100000019063
7700.90000001935
7799.100000019707
8575.300000015559
8608.100000015082
8679.600000014041
8803.200000012243
8907.700000010722
9579.20000000095
9647.89999999995
9752.099999998434
9813.899999997537
601.8000000001005
743.7999999999713
1597.6999999991947
1858.3999999989576
2580.8000000007232
2849.1000000016998
3578.9000000043543
3851.500000005346
4575.40000000798
5579.900000011634
5688.500000012029
6584.100000015287
6617.500000015409
6777.000000015989
6875.400000016347
7594.600000018963
7755.600000019549
8574.300000015573
8601.800000015173
8656.400000014379
8899.900000010835
9578.000000000968
9648.999999999936
9670.099999999627
9755.499999998385
9853.39999999696
606.700000000096
1603.999999999189
2595.800000000778
3585.3000000043776
4579.400000007994
5589.200000011668
6590.200000015309
6887.700000016392
7654.10000001918
8576.800000015537
8610.200000015051
8905.200000010758
9581.30000000092
9659.899999999776
9760.199999998316
604.2000000000983
741.3999999999735
1600.499999999192
1803.4999999990075
2588.8000000007523
2841.4000000016717
2969.8000000021384
3582.700000004368
3856.300000005364
4577.800000007988
5585.3000000116535
6587.7000000153
6772.900000015974
6875.200000016346
6919.900000016509
7621.30000001906
7739.200000019489
7800.8000000197135
7979.600000020364
8575.400000015557
8607.300000015093
8681.70000001401
8803.800000012234
8912.70000001065
9579.400000000947
9650.599999999911
9662.199999999742
9752.39999999843
9805.199999997662
601.9000000001004
738.3999999999762
1597.4999999991949
2581.500000000726
2611.4000000008346
3578.600000004353
3879.600000005448
4576.300000007983
5580.500000011636
5679.400000011996
6585.200000015291
6876.900000016352
7604.400000018999
7756.300000019552
8574.900000015565
8601.500000015178
8679.00000001405
8815.300000012066
9578.000000000968
9656.999999999818
9755.699999998382
9834.89999999723
604.4000000000981
635.1000000000702
739.9999999999748
1598.399999999194
1651.299999999146
2588.8000000007523
2836.8000000016546
2972.3000000021475
3582.600000004368
3849.90000000534
4577.900000007989
5584.800000011652
5683.700000012012
6588.000000015301
6623.100000015429
6877.300000016354
7609.100000019016
7767.300000019592
7981.30000002037
8576.100000015547
8605.600000015118
8654.700000014403
9580.300000000934
9646.59999999997
9754.099999998403
9835.59999999722
604.3000000000982
1600.799999999192
1784.4999999990248
1865.3999999989512
2594.600000000773
2849.1000000016998
2969.400000002137
3584.600000004375
3850.5000000053424
4578.700000007992
5586.600000011658
6589.300000015306
6785.300000016019
6872.300000016336
7624.600000019072
7738.000000019485
7797.500000019701
7973.500000020342
8576.000000015549
8609.700000015058
8800.100000012288
8902.100000010803
9580.400000000933
9658.699999999792
9754.599999998398
9800.399999997731
9970.799999995252
602.9000000000995
673.7000000000351
740.9999999999739
829.0999999998937
933.8999999997984
1598.399999999194
1768.799999999039
1848.8999999989665
2582.60000000073
2612.100000000837
2826.600000001617
2970.4000000021406
3581.300000004363
3708.7000000048265
3840.000000005304
4578.100000007989
4836.000000008928
5583.900000011648
5678.000000011991
5834.6000000125605
6586.700000015297
6760.80000001593
6844.200000016233
6917.100000016499
7609.900000019019
7700.80000001935
7761.700000019571
7816.40000001977
7979.500000020364
8575.20000001556
8602.00000001517
8658.900000014342
8771.200000012708
8899.300000010844
9578.900000000956
9655.299999999845
9750.29999999846
9802.4999999977
9834.19999999724
601.6000000001006
673.0000000000357
1598.499999999194
1649.1999999991478
2589.800000000756
3582.5000000043674
4577.900000007989
5585.900000011656
5670.200000011962
6588.100000015302
6632.400000015463
6781.000000016004
6886.900000016389
7612.300000019028
7758.2000000195585
8575.90000001555
8605.900000015114
8654.000000014414
9580.100000000935
9647.799999999952
9667.699999999662
9757.599999998354
604.3000000000982
1600.1999999991924
2580.700000000723
3579.700000004357
3881.000000005453
4577.600000007988
5582.200000011642
6586.500000015296
6877.600000016355
7623.000000019067
7795.900000019696
8575.300000015559
8609.500000015061
8898.300000010859
9579.000000000951
9659.099999999788
9754.3999999984
9897.899999996313
604.500000000098
736.8999999999776
1601.5999999991911
1783.9999999990252
2592.1000000007643
2841.300000001671
2968.7000000021344
3583.1000000043696
3858.0000000053697
4578.400000007991
5586.200000011657
5676.300000011985
6588.600000015304
6766.600000015951
6875.600000016348
6959.4000000166525
7627.000000019081
7737.300000019482
7800.200000019711
7966.000000020314
8576.000000015549
8609.100000015067
8801.000000012275
9579.90000000094
9656.19999999983
9752.99999999842
9833.099999997256
9955.09999999548
603.400000000099
631.5000000000734
1599.8999999991927
1645.9999999991508
1866.69999999895
2584.4000000007363
2602.0000000008004
2734.2000000012813
2970.500000002141
3581.2000000043627
3720.000000004868
3862.4000000053857
4577.100000007986
5582.800000011644
5678.100000011991
6587.000000015298
6633.300000015466
6766.700000015951
6874.700000016344
7616.900000019044
7720.900000019423
7801.300000019715
7988.800000020397
8575.000000015563
8607.200000015095
8679.300000014046
8901.60000001081
9578.700000000958
9647.399999999958
9749.499999998472
9833.699999997249
