6917.700000016501
1596.5999999991957
2373.599999999969
3030.3000000023585
3688.500000004753
4073.400000006153
5029.900000009633
5328.70000001072
6018.400000013229
6390.000000014581
6916.8000000164975
7435.800000018386
1841.5999999989729
2373.3999999999687
3030.100000002358
3187.0000000029286
4073.200000006153
4292.700000006951
4502.600000007715
5328.500000010719
6018.200000013228
6916.700000016497
7435.500000018384
1841.8999999989728
2373.8999999999705
2968.600000002134
6917.100000016499
7435.900000018386
1481.2999999993006
1596.5999999991957
1841.1999999989728
2373.199999999968
2968.7000000021344
3029.7000000023563
3186.800000002928
3687.900000004751
3840.000000005304
4072.900000006152
4502.600000007715
5029.400000009631
5328.400000010719
6017.900000013227
6389.400000014579
6916.200000016495
7435.300000018384
8104.400000020818
4073.900000006155
5329.200000010722
6917.200000016499
7436.300000018387
6404.600000014634
6917.700000016501
725.1999999999882
978.9999999997574
1480.799999999301
1595.9999999991962
1681.0999999991188
1840.6999999989737
2372.699999999966
2597.800000000785
2968.300000002133
3029.2000000023545
3687.400000004749
4073.100000006152
4502.200000007713
4833.000000008917
5028.800000009629
5328.0000000107175
5445.500000011145
5752.10000001226
6017.4000000132255
6388.600000014576
6915.800000016494
7088.200000017121
7168.600000017414
7434.800000018382
7753.500000019541
8103.800000020816
8452.300000017349
9037.300000008836
9738.999999998625
2377.099999999982
725.6999999999878
1596.399999999196
1841.399999998973
2372.9999999999677
3687.70000000475
4072.800000006151
4502.400000007714
5029.200000009631
5328.200000010718
5565.300000011581
6017.900000013227
6389.100000014578
6915.600000016493
7435.000000018383
8104.200000020817
9886.099999996484
6922.600000016519
6918.000000016502
1480.899999999301
1596.199999999196
1840.9999999989732
2372.7999999999665
3029.2000000023545
3186.300000002926
3687.500000004749
4072.700000006151
4502.200000007713
5028.900000009629
5328.0000000107175
5445.700000011146
6017.600000013226
6388.900000014577
6915.800000016494
7088.400000017122
7168.700000017414
7434.800000018382
8104.000000020816
9738.899999998626
9886.799999996474
1841.399999998973
2373.599999999969
4073.5000000061536
4293.000000006952
5328.70000001072
6018.60000001323
6390.000000014581
6916.600000016497
7435.700000018385
978.7999999997576
1480.5999999993012
1595.8999999991963
1840.7999999989736
2372.699999999966
2968.100000002132
3028.7000000023527
3186.2000000029257
3687.100000004748
4073.000000006152
4501.900000007712
5028.700000009629
5327.900000010717
6017.000000013224
6388.700000014576
6915.7000000164935
7168.000000017411
7434.500000018381
7753.700000019542
8103.900000020816
9739.199999998622
6917.800000016501
8600.300000015195
2377.099999999982
979.0999999997572
1480.9999999993008
1596.199999999196
1841.1999999989728
2372.899999999967
2968.4000000021333
3029.300000002355
3687.6000000047497
4072.800000006151
4502.300000007714
5029.10000000963
5328.100000010718
6017.700000013227
6389.000000014577
6915.800000016494
7088.500000017122
7435.100000018383
8104.200000020817
9037.70000000883
9886.39999999648
6404.500000014634
6917.6000000165
1841.399999998973
4074.000000006156
5329.1000000107215
6916.8000000164975
7436.100000018387
8599.200000015211
979.5999999997568
4074.100000006156
6916.8000000164975
7436.400000018388
8599.900000015201
724.6999999999887
978.9999999997574
1595.8999999991963
1840.399999998974
2372.599999999966
2968.2000000021326
3029.0000000023538
3687.200000004748
3838.8000000053
3915.000000005577
4072.4000000061496
4501.900000007712
5028.700000009629
5328.80000001072
5445.500000011145
5751.700000012259
6017.300000013225
6388.600000014576
6915.500000016493
7088.100000017121
7168.200000017412
7434.600000018381
8103.700000020815
9738.59999999863
4074.300000006157
6917.000000016498
7436.800000018389
8599.800000015202
725.2999999999881
1480.699999999301
1595.6999999991965
1680.999999999119
1840.9999999989732
2372.699999999966
2597.400000000784
2968.8000000021348
3029.4000000023552
3186.2000000029257
3687.3000000047487
4073.400000006153
4502.200000007713
5028.800000009629
5328.0000000107175
6017.300000013225
6388.600000014576
6915.7000000164935
7168.500000017413
7434.700000018382
7753.8000000195425
8103.900000020816
8452.300000017349
9885.999999996486
1841.6999999989728
4073.900000006155
4503.000000007716
6916.700000016497
7436.100000018387
1381.3999999993914
1841.799999998973
2373.499999999969
2968.7000000021344
3030.3000000023585
3688.200000004752
4073.400000006153
4292.900000006952
4502.600000007715
5328.60000001072
6018.400000013229
6916.400000016496
7435.700000018385
725.0999999999883
979.2999999997572
1595.6999999991965
1840.7999999989736
2372.399999999965
2597.400000000784
3028.7000000023527
3687.200000004748
4073.200000006153
4833.300000008918
5028.600000009628
5328.300000010719
5445.200000011144
6017.000000013224
6388.200000014575
6915.600000016493
7087.90000001712
7168.200000017412
7434.500000018381
8103.700000020815
9036.900000008842
9739.699999998616
111.10000000009585
724.4999999999889
978.8999999997576
1339.7999999994292
1595.4999999991967
1680.2999999991196
1840.4999999989736
2028.9999999988024
2372.099999999964
2597.200000000783
3028.200000002351
3686.800000004747
4072.700000006151
4832.600000008915
5028.200000009627
5328.400000010719
5444.800000011142
5564.900000011579
6016.800000013223
6387.900000014573
6760.200000015928
6915.300000016492
7087.90000001712
7167.70000001741
7434.20000001838
8103.400000020814
8451.700000017358
8600.0000000152
9633.300000000165
9738.69999999863
9885.999999996486
6918.200000016503
8634.700000014695
9787.299999997922
111.20000000009584
724.7999999999886
978.9999999997574
1094.3999999996524
1339.8999999994292
1595.6999999991965
1680.3999999991197
1840.4999999989736
2028.9999999988024
2371.999999999964
2597.3000000007837
2968.5000000021337
3029.0000000023538
3686.900000004747
3838.5000000052983
3914.500000005575
4072.900000006152
4293.400000006954
4832.500000008915
5028.400000009628
5328.70000001072
5444.900000011143
5565.5000000115815
5751.6000000122585
6016.900000013224
6387.900000014573
6915.300000016492
7087.90000001712
7167.900000017411
7434.30000001838
7753.10000001954
8103.400000020814
8452.000000017353
8600.200000015197
9036.600000008846
9089.000000008084
9633.200000000164
9738.499999998632
9885.599999996492
9998.799999994844
6917.700000016501
4074.400000006157
6917.200000016499
7436.600000018388
8599.600000015205
351.60000000014566
724.4999999999889
979.0999999997572
1094.4999999996523
1480.4999999993013
1595.4999999991967
1680.3999999991197
1840.299999998974
2029.0999999988023
2372.1999999999643
2597.200000000783
2726.9000000012547
3028.300000002351
3686.900000004747
3838.9000000053
3914.800000005576
4073.000000006152
4293.600000006954
4410.50000000738
4501.800000007712
4832.700000008916
5028.400000009628
5328.60000001072
5445.000000011143
5751.200000012257
6016.900000013224
6073.60000001343
6388.000000014574
6915.400000016492
7087.600000017119
7167.800000017411
7434.30000001838
8103.500000020815
8451.900000017355
8600.200000015197
9036.700000008845
9738.499999998632
9886.199999996485
3187.900000002932
4074.000000006156
6916.500000016496
7436.300000018387
8599.800000015202
6918.000000016502
1596.999999999195
1841.8999999989728
4073.400000006153
4292.900000006952
6916.8000000164975
7435.900000018386
8599.800000015202
1841.5999999989729
2373.3999999999687
3688.300000004752
4073.300000006153
4502.500000007714
5328.500000010719
6018.200000013228
6389.60000001458
6916.300000016496
7435.600000018385
979.399999999757
2969.200000002136
4074.200000006156
6917.300000016499
7436.600000018388
8600.0000000152
1596.8999999991954
1841.099999998973
2373.2999999999683
2968.8000000021348
3030.0000000023574
4073.200000006153
4502.800000007715
5029.600000009632
5328.500000010719
6389.500000014579
6916.400000016496
7435.400000018384
4074.8000000061584
6917.5000000165
8599.700000015204
110.70000000009586
351.0000000001455
724.4999999999889
802.399999999918
923.6999999998076
978.7999999997576
1093.9999999996528
1380.599999999392
1595.2999999991969
1679.89999999912
1840.399999998974
2028.5999999988028
2371.599999999962
2597.900000000785
2968.2000000021326
3028.6000000023523
3653.800000004627
4072.50000000615
4292.900000006952
4409.9000000073775
4559.900000007923
5028.1000000096265
5328.400000010719
5444.500000011141
5751.800000012259
6016.600000013223
6073.2000000134285
6387.600000014572
6760.000000015927
6914.900000016491
7087.700000017119
7167.60000001741
7434.800000018382
7753.10000001954
7913.700000020124
8103.100000020813
8157.000000021009
8451.900000017355
8597.90000001523
9036.30000000885
9088.60000000809
9738.69999999863
9931.999999995816
1841.5999999989729
2968.7000000021344
3187.3000000029297
4073.400000006153
5328.60000001072
6389.80000001458
6916.500000016496
7435.600000018385
1596.999999999195
4073.600000006154
4502.900000007716
5328.900000010721
6916.700000016497
7436.000000018386
5345.20000001078
6919.400000016507
8613.600000015002
9782.999999997985
2373.69999999997
4073.400000006153
4502.900000007716
5328.70000001072
6916.500000016496
7435.900000018386
9886.899999996473
1841.6999999989728
4074.200000006156
6917.000000016498
7436.500000018388
8599.600000015205
6917.100000016499
4074.200000006156
6917.6000000165
8600.200000015197
3187.700000002931
4073.7000000061535
4502.900000007716
5329.000000010721
5565.600000011582
6916.200000016495
7436.000000018386
6404.400000014633
979.1999999997572
2969.0000000021355
4073.900000006155
5329.1000000107215
6916.700000016497
7436.200000018387
8599.800000015202
5329.1000000107215
6916.700000016497
7436.100000018387
8599.400000015208
2373.499999999969
2968.8000000021348
4292.900000006952
4502.700000007715
5328.60000001072
6018.400000013229
6916.900000016498
7435.700000018385
3187.900000002932
4073.900000006155
5329.200000010722
6917.200000016499
7436.400000018388
725.6999999999878
979.4999999997568
1596.4999999991958
1841.099999998973
2372.9999999999677
2968.600000002134
3029.600000002356
3186.5000000029268
3687.70000000475
3839.900000005304
4072.900000006152
4502.500000007714
5029.200000009631
5328.200000010718
6017.800000013227
6389.200000014578
6916.100000016495
7088.6000000171225
7435.200000018383
8104.300000020818
9886.799999996474
1381.799999999391
2373.79999999997
3030.9000000023607
3187.6000000029308
4073.600000006154
4293.400000006954
5565.800000011583
6916.700000016497
7436.100000018387
725.499999999988
979.1999999997572
1596.199999999196
1840.8999999989733
2372.899999999967
2968.2000000021326
3029.2000000023545
3687.500000004749
4072.50000000615
4502.200000007713
5029.00000000963
5327.900000010717
6017.600000013226
6389.100000014578
6915.900000016494
7434.900000018382
8104.100000020817
6917.6000000165
725.5999999999879
924.499999999807
979.1999999997572
1480.5999999993012
1595.8999999991963
1680.4999999991194
1840.8999999989733
2372.599999999966
2968.8000000021348
3687.100000004748
3914.400000005575
4072.4000000061496
4501.900000007712
5028.700000009629
5327.800000010717
6017.300000013225
6388.500000014576
6915.200000016492
7087.90000001712
7168.200000017412
7434.500000018381
8103.800000020816
8452.20000001735
8599.900000015201
9885.799999996489
6404.200000014633
6917.200000016499
8600.100000015198
4073.900000006155
6917.5000000165
7436.300000018387
6919.800000016508
8611.900000015026
9807.099999997634
6917.5000000165
725.399999999988
979.399999999757
1480.9999999993008
1596.4999999991958
1841.1999999989728
2372.899999999967
3029.7000000023563
3687.70000000475
4072.6000000061504
5029.10000000963
5328.100000010718
5445.800000011146
6017.500000013226
6388.600000014576
6915.900000016494
7088.300000017121
7435.100000018383
8104.100000020817
8452.600000017344
9885.899999996487
6917.5000000165
6916.900000016498
7436.400000018388
8599.500000015207
6917.800000016501
2373.79999999997
2969.0000000021355
3187.5000000029304
4073.5000000061536
4293.300000006953
6018.70000001323
6916.900000016498
7435.900000018386
725.6999999999878
1480.899999999301
1596.099999999196
1841.099999998973
2372.7999999999665
3186.300000002926
3687.500000004749
4072.6000000061504
4502.200000007713
5029.00000000963
5328.0000000107175
6017.600000013226
6388.900000014577
6915.7000000164935
7088.400000017122
7434.900000018382
8104.100000020817
8452.600000017344
9886.39999999648
6917.100000016499
6918.000000016502
978.7999999997576
1596.299999999196
1680.999999999119
1841.1999999989728
2372.899999999967
3029.100000002354
3687.400000004749
4072.700000006151
4502.300000007714
5328.100000010718
6017.4000000132255
6388.800000014577
6915.800000016494
7088.300000017121
7434.900000018382
2373.69999999997
3030.70000000236
3187.3000000029297
4073.400000006153
5328.80000001072
6916.700000016497
7435.900000018386
6917.5000000165
725.399999999988
978.7999999997576
1480.699999999301
1596.199999999196
1680.6999999991192
1840.7999999989736
2372.599999999966
3028.9000000023534
3687.200000004748
3839.3000000053016
4073.100000006152
4502.0000000077125
4833.200000008917
5028.700000009629
5327.900000010717
5445.400000011145
6017.300000013225
6388.500000014576
6915.7000000164935
7088.100000017121
7168.3000000174125
7434.600000018381
7753.700000019542
8103.800000020816
8452.300000017349
4074.300000006157
6917.6000000165
979.1999999997572
1595.8999999991963
1840.9999999989732
2372.899999999967
3029.300000002355
3186.4000000029264
3687.70000000475
4072.800000006151
4502.300000007714
5029.00000000963
5328.0000000107175
6017.700000013227
6389.200000014578
6915.900000016494
7434.900000018382
8104.100000020817
8616.40000001496
6917.700000016501
724.8999999999885
979.1999999997572
1094.6999999996522
1339.999999999429
1595.6999999991965
1680.5999999991193
1840.5999999989735
2029.2999999988024
2372.2999999999647
2597.500000000784
3028.500000002352
3687.100000004748
3838.9000000053
3914.800000005576
4073.000000006152
4263.500000006845
5028.500000009628
5328.60000001072
5445.100000011144
5565.20000001158
6017.100000013224
6388.200000014575
6915.500000016493
7087.700000017119
7168.000000017411
7434.4000000183805
7753.700000019542
8103.600000020815
8452.000000017353
8600.300000015195
9036.800000008843
9089.30000000808
9739.29999999862
9885.999999996486
6917.4000000165
1841.6999999989728
2373.69999999997
2968.600000002134
3187.40000000293
4073.300000006153
4292.900000006952
5328.70000001072
6916.8000000164975
7435.800000018386
6917.300000016499
6403.900000014632
6917.100000016499
8599.600000015205
4073.8000000061543
5329.1000000107215
6916.900000016498
7436.200000018387
724.7999999999886
978.399999999758
1094.5999999996525
1339.8999999994292
1595.5999999991966
1680.3999999991197
1840.4999999989736
2028.9999999988024
2372.099999999964
3028.200000002351
3686.900000004747
3914.800000005576
4021.8000000059656
4073.000000006152
4832.700000008916
5028.700000009629
5328.400000010719
5444.900000011143
5565.300000011581
5751.400000012258
6016.600000013223
6388.000000014574
6916.100000016495
7088.100000017121
7167.70000001741
7434.20000001838
8103.400000020814
8452.000000017353
9089.000000008084
9738.799999998628
9886.099999996484
6917.700000016501
8600.200000015197
1841.8999999989728
2373.599999999969
3187.3000000029297
4073.400000006153
4293.000000006952
6018.400000013229
6916.300000016496
7435.700000018385
8104.90000002082
3187.100000002929
4073.300000006153
4502.600000007715
5328.500000010719
6018.300000013229
6916.300000016496
7435.600000018385
725.399999999988
979.6999999997568
1480.799999999301
1596.199999999196
1840.9999999989732
2372.599999999966
2968.4000000021333
3028.9000000023534
3186.1000000029253
3687.3000000047487
3839.800000005304
3914.9000000055767
4073.200000006153
4502.200000007713
4833.700000008919
5028.800000009629
5327.900000010717
5445.500000011145
6017.4000000132255
6388.600000014576
6915.600000016493
7088.100000017121
7168.500000017413
7434.700000018382
8103.900000020816
8452.300000017349
8576.400000015543
6917.800000016501
1841.6999999989728
2373.8999999999705
4073.8000000061543
6917.200000016499
8599.100000015213
8599.600000015205
725.1999999999882
923.8999999998076
1595.6999999991965
1680.3999999991197
1840.6999999989737
2029.1999999988025
2372.2999999999647
2597.400000000784
2968.900000002135
3029.4000000023552
3687.000000004748
3839.3000000053016
4073.000000006152
4833.200000008917
5028.400000009628
5328.400000010719
5445.100000011144
5565.800000011583
6017.000000013224
6388.100000014574
6915.000000016491
7088.100000017121
7168.000000017411
7434.4000000183805
7753.600000019542
7913.200000020122
8103.600000020815
8452.000000017353
8575.90000001555
9036.800000008843
9739.29999999862
6878.400000016358
725.399999999988
1595.8999999991963
1681.0999999991188
1840.6999999989737
2029.6999999988016
2372.699999999966
2597.7000000007847
3028.9000000023534
3687.3000000047487
4073.200000006153
4502.200000007713
4832.900000008916
5028.800000009629
5328.0000000107175
5752.300000012261
6017.300000013225
6388.600000014576
6916.000000016495
7168.400000017413
7434.700000018382
7753.500000019541
8103.900000020816
8452.300000017349
725.399999999988
1480.5999999993012
1595.6999999991965
1680.5999999991193
1840.6999999989737
2029.399999998802
2372.2999999999647
2597.200000000783
3029.500000002356
3687.100000004748
3839.200000005301
4073.200000006153
4501.900000007712
4833.300000008918
5028.500000009628
5328.500000010719
5445.200000011144
6017.100000013224
6265.800000014129
6388.200000014575
6915.400000016492
7087.80000001712
7168.000000017411
7434.500000018381
7753.500000019541
8103.700000020815
8452.100000017352
9739.599999998616
9885.69999999649
1841.5999999989729
4073.5000000061536
4502.900000007716
6916.600000016497
7435.900000018386
1481.0999999993007
1596.399999999196
1841.399999998973
2373.099999999968
2968.600000002134
3029.600000002356
3687.900000004751
4073.000000006152
4502.500000007714
5029.300000009631
5328.300000010719
6017.800000013227
6389.3000000145785
6915.800000016494
7435.200000018383
8104.400000020818
9886.599999996475
725.1999999999882
979.2999999997572
1480.9999999993008
1595.9999999991962
1681.1999999991187
1840.9999999989732
2030.0999999988012
2372.899999999967
2968.4000000021333
3029.2000000023545
3687.6000000047497
4072.6000000061504
4502.400000007714
5029.00000000963
5328.200000010718
5445.800000011146
6017.600000013226
6388.900000014577
6915.900000016494
7088.400000017122
7168.800000017414
7435.000000018383
8104.100000020817
8452.500000017346
9037.500000008831
9739.499999998618
1597.399999999195
4073.900000006155
4503.1000000077165
5329.1000000107215
6916.400000016496
7436.200000018387
3187.8000000029315
4073.8000000061543
6916.400000016496
7436.200000018387
6404.200000014633
6916.500000016496
8599.500000015207
725.6999999999878
2373.999999999971
4073.8000000061543
6916.8000000164975
7436.100000018387
8599.500000015207
4074.300000006157
6917.000000016498
7436.700000018389
6404.400000014633
6917.6000000165
2373.8999999999705
4073.8000000061543
4503.000000007716
5329.000000010721
6917.300000016499
1596.6999999991956
1841.8999999989728
2373.69999999997
3030.70000000236
4073.5000000061536
5328.70000001072
6916.900000016498
7435.900000018386
9739.799999998611
6403.700000014631
6916.8000000164975
8599.900000015201
6403.800000014631
8600.0000000152
2969.0000000021355
4073.900000006155
5329.000000010721
6916.700000016497
7436.100000018387
8598.800000015217
4074.700000006158
6918.000000016502
1380.899999999392
1841.5999999989729
2373.199999999968
2968.5000000021337
3687.6000000047497
4073.100000006152
4292.50000000695
4502.400000007714
5029.600000009632
5328.400000010719
6018.100000013228
6389.70000001458
6916.400000016496
7435.300000018384
111.10000000009585
351.3000000001456
602.2000000001001
724.5999999999888
924.1999999998072
979.399999999757
1094.1999999996526
1595.2999999991969
1679.9999999991198
1840.5999999989735
2028.8999999988023
2371.999999999964
2666.100000001033
3029.100000002354
3653.7000000046255
3838.9000000053
3914.400000005575
4021.900000005966
4072.900000006152
4263.200000006844
4410.300000007379
5028.300000009627
5328.500000010719
5444.800000011142
5565.10000001158
6016.800000013223
6073.60000001343
6387.800000014573
6587.000000015298
6760.200000015928
6915.100000016491
7087.80000001712
7167.800000017411
7434.100000018379
7753.500000019541
8103.400000020814
8451.800000017356
8599.400000015208
9089.000000008084
9738.69999999863
602.6000000000997
725.8999999999876
924.2999999998073
1480.799999999301
1595.4999999991967
1840.9999999989732
2372.699999999966
2596.900000000782
2969.0000000021355
3687.3000000047487
4072.6000000061504
4502.100000007713
5328.0000000107175
5445.500000011145
6017.500000013226
6915.300000016492
7088.200000017121
7168.600000017414
7434.700000018382
8103.900000020816
8599.800000015202
6877.300000016354
602.7000000000996
1480.9999999993008
1595.7999999991964
1680.999999999119
1841.1999999989728
2372.899999999967
2597.200000000783
2969.3000000021366
3030.0000000023574
3687.6000000047497
3840.200000005305
4072.700000006151
4502.400000007714
5328.100000010718
5445.800000011146
6017.600000013226
6388.900000014577
6915.7000000164935
7435.000000018383
8104.200000020817
8452.600000017344
8600.100000015198
9037.600000008832
979.2999999997572
1381.3999999993914
1680.5999999991193
1841.8999999989728
2968.7000000021344
3030.400000002359
3687.8000000047514
4073.400000006153
4293.000000006952
4502.800000007715
5328.70000001072
6916.8000000164975
7435.700000018385
9739.099999998623
4074.400000006157
6917.200000016499
7436.700000018389
1380.899999999392
1596.5999999991957
1841.399999998973
2373.199999999968
4073.200000006153
4292.600000006951
4502.600000007715
5328.400000010719
6018.200000013228
6389.60000001458
6915.900000016494
7435.400000018384
8614.900000014983
6924.900000016527
9783.099999997983
4074.500000006157
6917.800000016501
1596.399999999196
2597.7000000007847
4073.900000006155
6917.000000016498
7436.400000018388
8598.300000015224
2373.599999999969
4073.600000006154
4502.600000007715
5328.70000001072
6916.000000016495
7435.600000018385
1480.699999999301
1595.4999999991967
1840.9999999989732
2372.699999999966
2596.900000000782
2968.300000002133
3028.9000000023534
3186.2000000029257
3687.200000004748
4072.50000000615
4502.100000007713
5028.800000009629
5327.900000010717
5445.500000011145
6017.4000000132255
6915.600000016493
7088.300000017121
7168.3000000174125
7434.700000018382
8103.900000020816
8599.700000015204
9886.099999996484
2373.69999999997
4073.5000000061536
6916.700000016497
7435.700000018385
1596.6999999991956
2969.100000002136
4073.900000006155
5328.900000010721
6916.600000016497
7435.900000018386
8598.700000015218
3874.60000000543
6873.300000016339
8901.300000010815
9882.699999996534
8611.500000015032
6917.800000016501
9755.999999998376
2969.0000000021355
4073.900000006155
5329.300000010722
6917.4000000165
7436.200000018387
8613.900000014997
725.1999999999882
979.1999999997572
1480.9999999993008
1596.099999999196
1841.099999998973
2372.899999999967
2597.7000000007847
3029.300000002355
3186.300000002926
3687.500000004749
3839.900000005304
4072.800000006151
4502.300000007714
5029.00000000963
5328.100000010718
6017.600000013226
6389.000000014577
6915.900000016494
7088.300000017121
7435.000000018383
8104.100000020817
9037.600000008832
6404.400000014633
111.10000000009585
724.7999999999886
862.1999999998636
978.399999999758
1595.6999999991965
1680.3999999991197
1840.4999999989736
2028.9999999988024
2372.099999999964
2597.500000000784
2968.100000002132
3028.300000002351
3686.900000004747
3915.1000000055774
4021.900000005966
4072.900000006152
4410.300000007379
4832.500000008915
5028.700000009629
5328.500000010719
5444.800000011142
5751.000000012256
5862.800000012663
6016.800000013223
6073.50000001343
6387.900000014573
6837.400000016209
6916.100000016495
7087.500000017119
7167.70000001741
7434.20000001838
7752.400000019537
8103.400000020814
8451.800000017356
9036.500000008848
9088.900000008083
9738.69999999863
8624.300000014846
725.1999999999882
1094.5999999996525
1339.999999999429
1595.4999999991967
1680.2999999991196
1840.5999999989735
2029.0999999988023
2372.1999999999643
2969.200000002136
3029.300000002355
3688.000000004751
3839.000000005301
4073.000000006152
5028.400000009628
5328.60000001072
5445.000000011143
5565.20000001158
6017.000000013224
6388.100000014574
6760.500000015929
6915.400000016492
7088.00000001712
7168.000000017411
7434.4000000183805
7753.400000019541
8103.600000020815
8451.900000017355
8600.0000000152
9036.700000008845
9089.20000000808
9633.400000000162
9738.999999998625
724.8999999999885
978.9999999997574
1480.899999999301
1595.6999999991965
1840.8999999989733
2372.7999999999665
2597.6000000007843
2968.2000000021326
3029.0000000023538
3186.300000002926
3687.400000004749
3839.700000005303
4072.6000000061504
4502.200000007713
5028.900000009629
5328.0000000107175
5445.500000011145
6017.500000013226
6388.600000014576
6915.800000016494
7088.300000017121
7434.700000018382
8104.000000020816
8452.300000017349
9738.899999998626
9886.699999996476
724.399999999989
978.4999999997578
1339.7999999994292
1595.6999999991965
1680.2999999991196
1840.4999999989736
2028.9999999988024
2372.099999999964
3028.300000002351
3686.900000004747
4022.0000000059663
4073.000000006152
4410.300000007379
4832.600000008915
5028.300000009627
5328.500000010719
5444.800000011142
5565.20000001158
5751.100000012257
6016.800000013223
6073.50000001343
6387.900000014573
6915.400000016492
7087.90000001712
7167.800000017411
7434.20000001838
8103.400000020814
8451.800000017356
9036.500000008848
9089.000000008084
9633.100000000166
9738.299999998637
724.5999999999888
802.4999999999179
978.4999999997578
1595.7999999991964
1680.3999999991197
1840.399999998974
2028.9999999988024
2372.1999999999643
2597.500000000784
3028.400000002352
3687.000000004748
3838.2000000052976
3914.700000005576
4072.900000006152
4410.400000007379
4832.700000008916
5028.300000009627
5328.500000010719
5445.000000011143
5565.400000011581
5752.10000001226
6016.800000013223
6073.50000001343
6388.000000014574
6760.4000000159285
6916.500000016496
7087.80000001712
7168.000000017411
7434.4000000183805
8103.500000020815
8451.900000017355
9089.100000008082
9633.300000000165
9738.999999998625
2376.999999999982
4074.100000006156
6403.900000014632
6917.800000016501
7436.700000018389
1596.4999999991958
4073.900000006155
6917.100000016499
7436.200000018387
8598.000000015229
6918.000000016502
8616.40000001496
725.2999999999881
978.8999999997576
1480.699999999301
1596.199999999196
1680.2999999991196
1840.8999999989733
2372.599999999966
3028.9000000023534
3687.000000004748
3914.9000000055767
4073.100000006152
4502.0000000077125
5028.800000009629
5327.900000010717
5445.400000011145
6017.4000000132255
6915.500000016493
7088.00000001712
7168.3000000174125
7434.700000018382
7753.500000019541
8103.800000020816
8452.20000001735
9738.69999999863
9886.29999999648
110.50000000009588
350.70000000014545
723.5999999999897
802.1999999999182
978.299999999758
1094.1999999996526
1380.0999999993926
1595.199999999197
1679.5999999991202
1745.79999999906
1840.0999999989745
2028.299999998803
2371.1999999999607
2463.900000000298
2597.1000000007825
2726.0000000012515
2968.5000000021337
3028.400000002352
3654.000000004628
3687.500000004749
3915.000000005577
4021.300000005964
4072.4000000061496
4262.000000006839
4292.200000006949
4831.800000008912
5028.000000009626
5327.500000010716
5564.900000011579
5750.500000012255
6016.400000013222
6072.800000013427
6387.400000014572
6915.000000016491
7018.600000016868
7087.500000017119
7167.400000017409
7434.600000018381
7943.100000020231
8155.700000021005
8451.700000017358
8599.600000015205
9088.900000008083
9525.500000001732
9633.400000000162
9737.699999998644
9885.799999996489
9997.69999999486
725.7999999999877
979.1999999997572
1596.399999999196
1841.299999998973
2372.9999999999677
3029.4000000023552
3186.4000000029264
3687.70000000475
4072.800000006151
4502.200000007713
5029.10000000963
5328.200000010718
6017.800000013227
6389.100000014578
6915.900000016494
7435.100000018383
8104.200000020817
6404.400000014633
6917.6000000165
8599.600000015205
4074.400000006157
6917.300000016499
7436.800000018389
3873.200000005425
6871.100000016331
9881.999999996544
725.0999999999883
978.6999999997576
1241.5999999995186
1480.799999999301
1596.399999999196
1680.5999999991193
1841.099999998973
2372.699999999966
3028.9000000023534
3687.200000004748
3914.9000000055767
4073.100000006152
4502.200000007713
5029.400000009631
5328.0000000107175
5445.500000011145
6017.4000000132255
6266.10000001413
6388.600000014576
6915.600000016493
7088.200000017121
7434.800000018382
8104.000000020816
8452.400000017347
9037.400000008834
8599.700000015204
3872.400000005422
6870.000000016327
9879.099999996586
725.399999999988
978.5999999997578
1480.699999999301
1596.099999999196
1679.89999999912
1840.8999999989733
2372.499999999965
2967.9000000021315
3028.9000000023534
3686.900000004747
4073.200000006153
5029.400000009631
5327.900000010717
5445.300000011144
6017.300000013225
6388.400000014575
6915.500000016493
7087.90000001712
7168.3000000174125
7434.600000018381
7753.10000001954
8103.800000020816
8576.200000015546
9037.10000000884
9738.69999999863
9886.39999999648
725.5999999999879
978.199999999758
1480.9999999993008
1596.299999999196
1841.1999999989728
2372.9999999999677
3029.0000000023538
3186.5000000029268
3687.500000004749
4072.800000006151
4502.300000007714
5029.200000009631
5328.100000010718
6017.600000013226
6388.900000014577
6916.700000016497
7434.900000018382
8104.200000020817
2376.799999999981
6918.100000016502
8600.300000015195
725.6999999999878
1841.299999998973
2373.199999999968
2968.7000000021344
3029.8000000023567
3688.100000004752
4073.000000006152
5029.400000009631
5328.400000010719
5751.800000012259
6018.000000013228
6389.200000014578
6916.300000016496
7435.300000018384
8104.500000020818
9738.899999998626
9886.599999996475
725.9999999999875
1380.899999999392
1596.099999999196
1841.399999998973
2373.099999999968
2968.600000002134
3029.600000002356
3186.600000002927
3687.70000000475
4072.900000006152
4502.500000007714
5328.200000010718
6017.900000013227
6389.3000000145785
6916.000000016495
7088.6000000171225
7435.200000018383
8104.200000020817
9886.499999996478
925.399999999806
1595.8999999991963
1841.499999998973
2373.199999999968
3186.7000000029275
3688.200000004752
4073.100000006152
4502.600000007715
5029.400000009631
5328.300000010719
6017.900000013227
6389.400000014579
6915.900000016494
7435.400000018384
8104.500000020818
6917.000000016498
7436.500000018388
8599.200000015211
1480.9999999993008
1595.7999999991964
1841.299999998973
2372.9999999999677
2968.4000000021333
3029.4000000023552
3687.500000004749
4072.800000006151
4502.400000007714
5029.10000000963
5328.100000010718
6017.600000013226
6389.100000014578
6916.000000016495
7435.000000018383
8104.200000020817
9633.300000000165
9886.29999999648
4074.200000006156
6917.4000000165
8599.200000015211
2377.1999999999825
1596.299999999196
1841.099999998973
2372.9999999999677
3029.7000000023563
3687.900000004751
4072.900000006152
4502.400000007714
5029.300000009631
5328.200000010718
6017.900000013227
6389.3000000145785
6916.000000016495
7435.200000018383
725.7999999999877
978.7999999997576
1596.399999999196
1841.299999998973
2372.9999999999677
3029.100000002354
3186.5000000029268
3687.6000000047497
4073.300000006153
4502.400000007714
5029.00000000963
5328.200000010718
6017.4000000132255
6389.000000014577
6915.900000016494
7088.500000017122
7435.000000018383
7754.000000019543
8104.200000020817
8452.700000017343
9886.39999999648
1596.199999999196
2373.199999999968
2597.500000000784
3029.7000000023563
4073.100000006152
4292.50000000695
4502.300000007714
5029.300000009631
5328.200000010718
6017.900000013227
6389.500000014579
6916.100000016495
7435.300000018384
8104.400000020818
8600.300000015195
9885.999999996486
724.8999999999885
978.7999999997576
1094.5999999996525
1480.3999999993014
1595.7999999991964
1680.5999999991193
1840.5999999989735
2372.1999999999643
2968.5000000021337
3029.0000000023538
3686.900000004747
4073.000000006152
4410.50000000738
4501.900000007712
4833.000000008917
5028.500000009628
5328.60000001072
5445.000000011143
6017.000000013224
6388.100000014574
6915.400000016492
7087.700000017119
7167.800000017411
7434.30000001838
8103.500000020815
8452.100000017352
9089.20000000808
9633.300000000165
9739.099999998623
4074.400000006157
6403.900000014632
6917.100000016499
8599.900000015201
1381.0999999993917
1596.099999999196
1841.299999998973
2373.2999999999683
2968.8000000021348
3186.900000002928
3688.300000004752
4073.200000006153
4502.700000007715
5029.600000009632
5328.500000010719
6018.100000013228
6916.300000016496
7435.500000018384
8104.600000020819
725.1999999999882
1595.4999999991967
1680.5999999991193
1840.6999999989737
2029.2999999988024
2372.2999999999647
2597.1000000007825
2968.900000002135
3686.900000004747
3839.3000000053016
4073.100000006152
4410.400000007379
4501.800000007712
5028.400000009628
5328.400000010719
6016.900000013224
6388.100000014574
6916.300000016496
7087.80000001712
7167.800000017411
7434.30000001838
7753.700000019542
8103.600000020815
8451.900000017355
8575.800000015552
9036.800000008843
4074.400000006157
6917.100000016499
2968.5000000021337
4073.5000000061536
4292.700000006951
4502.700000007715
5328.70000001072
6018.400000013229
6916.900000016498
7435.600000018385
9886.39999999648
979.1999999997572
1841.5999999989729
2373.3999999999687
2968.300000002133
3030.100000002358
3187.100000002929
3687.900000004751
4073.300000006153
4502.400000007714
5328.400000010719
6018.100000013228
6389.70000001458
6916.200000016495
7435.400000018384
8104.600000020819
4074.000000006156
6916.300000016496
7436.200000018387
6917.700000016501
8600.400000015194
6921.000000016513
725.2999999999881
979.399999999757
1596.199999999196
1840.8999999989733
2372.9999999999677
3029.4000000023552
3186.5000000029268
3687.500000004749
4072.800000006151
4502.300000007714
5328.100000010718
6017.700000013227
6916.000000016495
7435.000000018383
8104.100000020817
