645.8000000000604
739.1999999999755
1612.9999999991808
1765.599999999042
2581.500000000726
3724.000000004882
3876.200000005436
4585.100000008015
5593.200000011682
5768.200000012319
6793.100000016048
6882.500000016373
7726.100000019442
7805.800000019732
7983.500000020378
8600.200000015197
8763.600000012819
8890.300000010975
9580.800000000929
9660.599999999766
9748.89999999848
9782.899999997986
9886.699999996476
623.7000000000805
1611.8999999991818
2581.4000000007254
3746.000000004962
4587.800000008025
5586.4000000116575
5778.100000012355
6916.300000016496
7762.200000019573
8599.500000015207
8655.0000000144
8786.20000001249
9580.300000000934
9657.899999999803
9763.39999999827
9781.999999998
642.4000000000635
2582.5000000007294
3747.500000004968
4592.900000008043
5594.000000011685
6918.900000016505
7758.2000000195585
8602.900000015157
8768.30000001275
9582.200000000908
9680.399999999478
9765.199999998244
576.8000000001232
737.9999999999766
1612.5999999991811
1769.899999999038
2580.0000000007203
3572.9000000043325
3739.7000000049393
4575.50000000798
5576.700000011622
5772.900000012336
6917.6000000165
7739.40000001949
8596.400000015252
8764.800000012801
9577.400000000976
9661.599999999751
9746.499999998516
1776.1999999990323
2581.7000000007265
3587.5000000043856
3744.800000004958
4585.600000008017
5586.000000011656
5778.400000012356
6919.0000000165055
7755.500000019549
8601.600000015176
8766.200000012781
9580.400000000933
9752.99999999842
588.4000000001126
736.5999999999779
1609.399999999184
2580.1000000007207
3572.800000004332
3738.500000004935
4576.700000007984
5577.400000011625
5615.700000011764
5777.000000012351
6606.80000001537
6917.9000000165015
7594.600000018963
7738.900000019488
8595.80000001526
8766.400000012778
9578.200000000965
9660.89999999976
9750.39999999846
586.5000000001144
1610.9999999991826
2580.900000000724
3582.2000000043663
3724.1000000048825
4581.400000008001
5580.800000011637
5780.700000012364
6916.400000016496
7608.400000019013
7731.300000019461
8599.30000001521
8783.600000012528
9579.300000000949
9658.799999999792
9765.099999998243
2582.60000000073
3743.0000000049513
4591.600000008039
5588.400000011665
6917.9000000165015
7754.500000019545
8600.0000000152
9581.100000000924
9686.199999999391
9757.599999998354
1614.899999999179
2581.800000000727
3741.2000000049447
4588.3000000080265
5585.500000011654
5779.300000012359
6917.700000016501
7752.300000019537
8600.100000015198
8770.300000012721
9580.500000000931
9669.699999999631
9769.399999998182
572.3000000001273
1603.599999999189
1766.2999999990411
2574.9000000007018
3570.1000000043223
3740.000000004941
4572.500000007969
5572.300000011606
5609.500000011742
5775.700000012346
6587.800000015301
6916.700000016497
7581.100000018914
7746.000000019514
7988.600000020397
8579.4000000155
8603.600000015147
8764.600000012804
9575.500000001004
9660.599999999766
9752.799999998424
9783.199999997982
600.100000000102
2582.2000000007283
3579.900000004358
3749.000000004973
4582.700000008006
5582.400000011643
6920.30000001651
7768.500000019596
8599.500000015207
8776.300000012634
9580.60000000093
9761.799999998291
576.6000000001234
1606.099999999187
1772.099999999036
2577.8000000007123
3575.300000004341
3740.500000004942
4576.900000007985
5574.600000011615
5608.700000011739
5775.800000012347
6609.70000001538
6892.500000016409
6922.700000016519
7593.900000018961
7747.60000001952
7996.900000020427
8594.400000015281
8629.400000014772
8766.700000012774
8913.200000010642
9577.700000000972
9658.89999999979
9757.29999999836
1615.3999999991786
2594.200000000772
5603.100000011718
5779.800000012361
6919.0000000165055
8601.800000015173
8770.40000001272
9584.200000000876
9767.099999998216
576.0000000001239
741.3999999999735
934.299999999798
1609.9999999991835
2576.600000000708
3571.5000000043274
3737.10000000493
3929.300000005629
4573.700000007973
5575.300000011617
5774.800000012343
6612.200000015389
6915.100000016491
7589.000000018943
7739.700000019491
7993.400000020414
8584.700000015422
8606.500000015105
8765.60000001279
8914.900000010617
9577.10000000098
9658.699999999792
9751.999999998436
9939.499999995707
2601.7000000007997
5609.500000011742
6920.500000016511
8611.800000015028
9585.000000000866
9774.9999999981
615.2000000000883
1610.199999999183
1772.3999999990358
2582.5000000007294
3742.5000000049495
4589.100000008029
5587.600000011662
5779.200000012359
6915.600000016493
7760.700000019568
8598.900000015215
8767.00000001277
8901.60000001081
9581.500000000917
9661.499999999753
9758.999999998334
1618.099999999176
2583.3000000007323
3744.5000000049567
4594.80000000805
5597.400000011698
6917.9000000165015
7770.100000019602
7980.700000020368
8601.200000015182
9582.300000000903
9673.099999999584
9773.099999998129
603.8000000000986
732.9999999999811
1608.0999999991852
1691.3999999991097
1772.4999999990357
2580.8000000007232
3587.5000000043856
3719.7000000048665
3920.000000005595
4584.000000008011
5582.900000011645
5609.2000000117405
5773.100000012337
6617.90000001541
6889.700000016399
6920.000000016509
7611.600000019025
7723.800000019433
7996.100000020424
8598.400000015223
8763.400000012822
8900.100000010832
9579.300000000949
9659.099999999788
9752.799999998424
9783.699999997974
578.7000000001215
1611.8999999991818
1769.1999999990387
2579.100000000717
3575.300000004341
3742.800000004951
3881.800000005456
4576.500000007984
5578.000000011627
5774.00000001234
6889.700000016399
7594.800000018964
7754.000000019543
8595.700000015262
8764.600000012804
8909.800000010691
9577.500000000977
9673.29999999958
9753.699999998413
9868.999999996731
597.900000000104
737.499999999977
1608.7999999991846
1765.0999999990424
2581.500000000726
3589.200000004392
3737.5000000049313
4586.300000008019
5585.200000011653
5766.500000012313
6917.9000000165015
7594.600000018963
7732.700000019466
8597.700000015233
8762.700000012832
9580.400000000933
9672.799999999588
9749.399999998474
9779.799999998031
2584.5000000007367
5605.100000011726
6920.900000016512
8610.200000015051
9582.300000000903
9666.39999999968
9771.899999998146
606.4000000000963
739.8999999999749
1609.8999999991836
2582.70000000073
3604.300000004447
3741.7000000049466
4589.400000008031
5589.500000011669
5776.70000001235
6918.600000016504
7596.900000018972
7743.700000019506
8598.300000015224
8770.000000012726
9581.800000000912
9751.899999998435
589.2000000001119
1615.0999999991789
2581.300000000725
3578.200000004352
3744.300000004956
4582.400000008005
5581.400000011639
5780.000000012362
6918.600000016504
7756.0000000195505
8599.800000015202
8770.300000012721
9579.300000000949
9675.099999999557
9768.799999998191
579.6000000001206
1612.8999999991809
1776.7999999990318
2579.2000000007174
3574.3000000043376
3746.3000000049633
4576.500000007984
5579.200000011631
5777.400000012352
6918.600000016504
7601.700000018989
7755.400000019548
8599.100000015213
8767.900000012756
9578.400000000962
9679.399999999492
9765.299999998242
583.1000000001175
734.3999999999799
1608.399999999185
1768.1999999990396
2579.600000000719
3578.800000004354
3724.600000004885
4577.600000007988
5580.100000011635
5767.100000012315
6616.200000015404
6893.500000016413
6919.100000016506
7612.200000019027
7729.000000019452
7982.100000020373
8597.500000015236
8658.600000014347
8764.20000001281
9578.60000000096
9659.299999999785
9745.799999998526
9785.299999997953
588.5000000001125
1614.899999999179
2579.600000000719
3577.200000004348
3744.5000000049567
4579.800000007996
5576.900000011623
6917.4000000165
7609.5000000190175
7757.000000019554
8598.400000015223
8768.000000012755
9577.600000000974
9660.99999999976
9755.09999999839
577.7000000001224
1605.099999999188
1782.1999999990269
2578.500000000715
3574.100000004337
3744.5000000049567
4575.40000000798
5577.000000011623
5603.900000011721
5776.900000012351
6604.8000000153625
6913.300000016485
7593.400000018959
7756.0000000195505
8001.900000020445
8591.400000015325
8601.600000015176
8766.400000012778
9577.700000000972
9655.799999999836
9756.599999998369
2599.700000000792
5602.800000011717
6919.500000016507
8601.600000015176
9587.900000000824
9772.199999998142
2581.500000000726
3744.400000004957
4586.700000008021
5586.000000011656
6920.600000016511
7987.900000020394
8606.400000015106
9582.00000000091
9665.599999999691
9769.899999998175
606.1000000000965
736.6999999999778
1608.7999999991846
2582.400000000729
3732.6000000049135
4590.200000008033
5586.700000011659
5777.600000012353
6614.900000015399
6919.100000016506
7736.60000001948
8600.60000001519
8766.400000012778
9581.20000000092
9662.199999999742
9752.699999998424
613.30000000009
1611.1999999991824
1782.8999999990262
2582.5000000007294
3747.200000004967
3929.100000005628
4588.3000000080265
5585.900000011656
5776.500000012349
6915.500000016493
7766.80000001959
8600.200000015197
8768.400000012749
8906.40000001074
9581.600000000915
9666.899999999674
9769.59999999818
644.2000000000619
1613.4999999991803
1767.69999999904
2581.600000000726
3741.9000000049473
3875.000000005432
4590.100000008033
5586.500000011658
5773.800000012339
6889.3000000163975
7752.900000019539
8600.400000015194
8763.50000001282
9580.100000000935
9673.599999999577
9751.399999998444
9870.699999996708
584.4000000001163
1609.8999999991836
1765.499999999042
2580.500000000722
3580.0000000043583
3738.1000000049335
3872.800000005424
4579.800000007996
5579.400000011632
5769.900000012325
6878.700000016359
6922.800000016519
7609.300000019017
7744.400000019508
8598.700000015218
8763.400000012822
8901.200000010816
9578.800000000956
9660.29999999977
9749.59999999847
9869.699999996725
606.5000000000962
1608.299999999185
2588.0000000007494
3745.6000000049607
4591.100000008037
5590.300000011672
6918.800000016505
8598.900000015215
9583.600000000886
9758.099999998349
584.5000000001162
737.1999999999773
1610.199999999183
1783.9999999990252
2580.200000000721
3583.9000000043725
3737.9000000049327
4582.600000008006
5579.300000011632
5774.300000012341
6917.5000000165
7624.400000019072
7737.000000019481
7983.800000020379
8597.600000015234
8680.500000014028
8769.00000001274
9578.60000000096
9656.299999999828
9749.59999999847
627.2000000000774
1610.599999999183
2585.900000000742
3748.0000000049695
4591.700000008039
5590.5000000116725
6918.800000016505
7805.600000019731
8599.700000015204
8793.400000012385
9583.100000000892
9662.799999999734
9772.799999998131
597.6000000001043
1611.499999999182
1764.8999999990426
2580.700000000723
3586.4000000043816
3742.3000000049487
3872.100000005421
4583.300000008008
5582.600000011644
5770.600000012328
6890.800000016403
7753.900000019543
8598.700000015218
8763.50000001282
9579.400000000947
9663.199999999728
9752.099999998434
9878.999999996588
633.0000000000721
1613.099999999181
1766.0999999990415
2582.3000000007287
3741.2000000049447
4586.900000008021
5586.600000011658
5765.200000012308
6918.700000016504
7745.900000019514
8599.500000015207
8762.10000001284
9581.400000000918
9662.99999999973
9750.199999998462
580.5000000001198
732.099999999982
1608.699999999185
1766.8999999990408
2579.600000000719
3575.1000000043405
3722.300000004876
3742.70000000495
3887.7000000054777
4577.200000007986
4995.500000009508
5578.90000001163
5762.700000012299
6615.1000000154
6888.400000016394
6925.500000016529
7606.500000019007
7726.000000019441
7981.800000020372
8597.100000015242
8761.50000001285
8902.600000010796
9578.700000000958
9661.999999999744
9744.399999998546
637.8000000000677
1612.4999999991812
2586.9000000007454
3748.700000004972
4591.100000008037
5591.200000011675
6918.100000016502
7761.100000019569
8598.300000015224
8772.100000012695
9583.40000000089
9671.699999999604
9760.999999998305
613.5000000000898
1609.9999999991835
2590.400000000758
3764.60000000503
4593.500000008045
5595.40000001169
6893.000000016411
8600.100000015198
9584.500000000871
9758.299999998344
606.2000000000965
740.4999999999743
1609.1999999991842
1768.799999999039
2583.6000000007334
3737.600000004932
4591.90000000804
5591.500000011676
5773.200000012337
6919.400000016507
7610.000000019019
7739.000000019489
8598.500000015221
8765.100000012797
9582.300000000903
9664.099999999717
9750.29999999846
636.6000000000688
1617.8999999991763
1771.6999999990364
1854.0999999989613
2587.7000000007483
3746.000000004962
4591.000000008036
5594.000000011685
5776.200000012348
6915.800000016494
7758.100000019558
8600.60000001519
8768.000000012755
9583.500000000888
9672.199999999595
9757.09999999836
604.0000000000985
1608.0999999991852
2581.4000000007254
3595.000000004413
4585.200000008015
5584.100000011649
5615.400000011763
6610.400000015383
6916.900000016498
7606.000000019005
8599.000000015214
9580.100000000935
9661.299999999756
9779.699999998033
1615.0999999991789
1769.7999999990382
2582.100000000728
3740.8000000049433
3870.9000000054166
4590.400000008034
5594.200000011686
5772.300000012334
6877.300000016354
7752.500000019538
8600.70000001519
8764.500000012806
8897.300000010873
9581.400000000918
9752.099999998434
9867.999999996748
582.8000000001177
1605.5999999991875
2580.500000000722
3580.50000000436
3751.1000000049808
4583.600000008009
5581.000000011638
5612.900000011754
5779.40000001236
6608.800000015377
6918.800000016505
7604.700000019
7755.300000019548
8597.800000015231
8775.20000001265
9579.600000000944
9659.59999999978
9761.499999998296
591.9000000001095
1601.1999999991915
2580.900000000724
3586.6000000043823
3754.200000004992
4583.600000008009
5583.200000011646
5604.200000011722
6604.600000015362
6917.200000016499
7594.200000018962
8595.000000015272
9579.800000000942
9678.7999999995
9775.499999998094
606.700000000096
1606.099999999187
2587.100000000746
3607.700000004459
4590.300000008034
5592.000000011678
6620.60000001542
6921.500000016515
7604.400000018999
8599.900000015201
9585.40000000086
9677.599999999518
9782.199999997996
599.3000000001027
1608.399999999185
2580.900000000724
3591.700000004401
3745.8000000049615
3922.300000005604
4584.900000008014
5583.800000011648
5778.700000012357
6614.200000015397
6913.000000016484
7598.900000018979
7762.000000019572
8597.000000015243
8769.900000012727
9580.100000000935
9673.899999999572
9768.599999998194
593.7000000001078
740.6999999999741
1605.8999999991872
2580.900000000724
2979.2000000021726
3586.500000004382
3739.0000000049367
4584.800000008014
5584.500000011651
5608.1000000117365
5777.800000012354
6608.900000015377
6915.900000016494
7606.300000019006
7750.900000019532
7984.7000000203825
8597.700000015233
8765.500000012791
9579.300000000949
9658.599999999797
9754.099999998403
875.4999999998515
1770.1999999990378
2583.800000000734
3745.700000004961
3871.70000000542
4593.400000008045
5594.500000011687
5775.600000012346
6881.9000000163705
7757.000000019554
8600.800000015188
8765.400000012793
9583.000000000897
9682.29999999945
9754.599999998398
9866.49999999677
584.6000000001161
739.0999999999756
866.8999999998593
1613.2999999991805
1761.9999999990453
1871.6999999989453
2580.500000000722
3578.500000004353
3738.900000004936
3865.600000005397
4583.70000000801
5581.100000011638
5757.700000012281
5869.200000012686
6869.600000016326
6920.1000000165095
7737.800000019484
8599.700000015204
8758.70000001289
8890.300000010975
9578.700000000958
9664.199999999712
9746.399999998515
9800.299999997733
9865.999999996777
588.5000000001125
609.3000000000936
1601.4999999991912
1691.5999999991093
2579.80000000072
3580.200000004359
3723.8000000048814
4580.400000007998
5580.700000011637
5603.60000001172
5776.80000001235
6604.900000015363
6905.200000016455
6918.100000016502
7594.900000018964
7737.600000019484
7993.5000000204145
8594.800000015275
8622.100000014878
8767.00000001277
9578.800000000956
9648.199999999946
9756.899999998364
740.1999999999746
1616.3999999991777
2588.10000000075
3727.100000004893
4595.400000008052
5593.300000011683
5777.100000012351
6918.400000016503
7733.600000019469
8601.40000001518
8767.800000012758
9582.00000000091
9674.899999999558
9753.699999998413
9882.89999999653
1617.7999999991764
2583.500000000733
3722.400000004876
4586.50000000802
5587.5000000116615
6919.900000016509
7738.500000019487
8600.900000015186
9582.200000000908
9658.999999999787
9774.699999998104
586.2000000001146
731.3999999999826
1606.6999999991865
1691.4999999991094
2580.0000000007203
3579.300000004356
3713.900000004845
4579.400000007994
5580.000000011634
5774.300000012341
6609.100000015378
6891.800000016407
6921.600000016515
7594.300000018962
7720.800000019422
8597.100000015242
8656.600000014376
8765.100000012797
8907.10000001073
9578.50000000096
9656.89999999982
9749.999999998465
608.7000000000942
1610.899999999183
1776.499999999032
2581.800000000727
3745.6000000049607
3883.200000005461
4587.400000008023
5585.800000011655
5776.70000001235
6887.30000001639
6933.200000016557
7759.800000019564
8598.800000015217
8766.600000012775
8899.100000010847
9581.000000000924
9661.599999999751
9755.89999999838
9892.299999996394
636.1000000000693
738.699999999976
871.4999999998552
1613.79999999918
1773.399999999035
1879.799999998938
2582.60000000073
3732.100000004912
3868.300000005407
4592.7000000080425
5591.800000011677
5776.300000012348
6871.900000016334
6919.0000000165055
7737.300000019482
7981.800000020372
8601.000000015185
8766.500000012777
8881.500000011103
9581.700000000914
9662.29999999974
9750.099999998463
9869.19999999673
609.4000000000935
869.5999999998569
1615.899999999178
1769.6999999990385
2580.400000000722
3578.500000004353
3740.400000004942
3868.200000005407
4582.100000008004
5582.500000011643
5772.300000012334
6872.000000016335
6920.30000001651
7749.000000019525
8599.700000015204
8763.300000012823
8900.400000010828
9579.700000000945
9672.69999999959
9750.39999999846
9866.099999996775
601.200000000101
1604.6999999991883
1718.399999999085
2581.000000000724
2674.700000001065
3591.9000000044016
3722.1000000048753
4585.300000008016
5584.500000011651
5606.900000011732
6611.900000015388
6918.100000016502
7597.800000018975
7728.700000019451
8597.600000015234
8653.400000014422
8785.100000012506
9579.700000000945
9649.499999999927
9769.199999998184
581.400000000119
641.7000000000642
733.9999999999802
1605.799999999187
1686.1999999991142
1770.8999999990372
2580.3000000007214
3578.7000000043536
3712.50000000484
3739.400000004938
4580.300000007997
4743.30000000859
5578.400000011628
5610.900000011747
5751.500000012258
6608.400000015376
6739.700000015853
6917.100000016499
7596.100000018969
7723.300000019431
7738.700000019488
8598.100000015227
8640.900000014604
8762.500000012835
9578.60000000096
9644.699999999995
9742.09999999858
9793.199999997836
601.7000000001005
1611.9999999991817
1771.3999999990367
2580.200000000721
3585.400000004378
3742.900000004951
3874.2000000054286
4583.70000000801
5583.200000011646
5776.300000012348
6889.200000016397
7755.80000001955
7988.500000020396
8598.700000015218
8765.000000012798
8899.700000010838
9579.500000000946
9661.499999999753
9756.299999998371
9800.099999997736
608.3000000000945
1609.299999999184
2587.000000000746
4591.90000000804
5585.400000011654
6918.800000016505
7630.700000019095
8600.60000001519
9582.100000000908
9660.99999999976
9773.399999998124
612.1000000000911
1609.399999999184
2583.700000000734
4591.600000008039
5591.500000011676
6883.000000016375
6921.800000016516
8599.000000015214
8896.300000010888
9582.300000000903
9672.099999999598
9775.299999998097
9890.199999996425
737.599999999977
1790.5999999990192
2583.6000000007334
3737.700000004932
3878.400000005444
4595.800000008054
5599.800000011706
5772.300000012334
6887.700000016392
6946.600000016606
7735.900000019477
8601.30000001518
8765.200000012795
8891.800000010953
9582.7000000009
9668.59999999965
9750.099999998463
9887.299999996469
583.9000000001167
1610.0999999991834
1769.0999999990388
2580.0000000007203
2977.100000002165
3587.400000004385
3744.000000004955
4581.500000008002
5580.700000011637
5774.600000012342
6889.000000016396
6923.200000016521
7594.300000018962
7757.600000019556
7982.100000020373
8595.700000015262
8764.600000012804
8896.500000010885
9578.800000000956
9661.299999999756
9755.09999999839
9895.099999996351
602.2000000001001
732.099999999982
1608.0999999991852
1761.9999999990453
2580.3000000007214
3580.200000004359
3727.500000004895
4582.900000008007
5580.600000011636
5768.100000012319
6621.400000015423
6916.300000016496
7607.40000001901
7728.900000019452
8597.300000015239
8761.600000012848
9579.20000000095
9659.399999999783
9745.49999999853
1616.3999999991777
1776.9999999990316
2581.800000000727
3743.100000004952
3876.000000005435
4587.000000008022
5585.200000011653
5778.300000012356
6879.900000016363
6927.000000016535
7760.800000019568
8601.30000001518
8768.500000012747
8892.300000010946
9581.500000000917
9661.899999999749
9757.89999999835
9885.399999996494
607.0000000000957
1610.0999999991834
2580.700000000723
3580.1000000043587
3728.5000000048985
4580.800000007999
5578.7000000116295
6916.900000016498
7732.400000019465
8598.800000015217
9579.300000000949
9657.099999999817
9756.399999998372
583.8000000001168
612.200000000091
1598.9999999991935
2579.80000000072
2605.3000000008124
3582.3000000043667
3742.5000000049495
4580.900000008
5580.500000011636
5600.90000001171
5776.900000012351
6596.500000015332
6917.300000016499
7592.200000018955
7756.100000019551
8591.300000015326
8601.30000001518
8768.100000012753
9578.800000000956
9659.59999999978
9760.199999998316
9792.099999997852
618.5000000000853
1610.2999999991832
2583.200000000732
4592.10000000804
5589.600000011669
6917.300000016499
8600.100000015198
9581.800000000912
9663.499999999724
9778.49999999805
575.7000000001242
1609.6999999991838
1770.6999999990371
2578.300000000714
2970.20000000214
3575.4000000043416
3741.500000004946
3878.400000005444
4577.000000007985
5002.700000009534
5577.000000011623
5775.900000012347
6618.800000015413
6887.900000016392
6953.10000001663
7591.00000001895
7754.100000019544
7979.600000020364
8592.300000015312
8617.400000014946
8765.300000012794
8898.300000010859
9577.600000000974
9660.99999999976
9754.599999998398
9899.099999996297
601.200000000101
1604.1999999991888
2580.500000000722
3586.00000000438
3770.0000000050495
4584.200000008012
5583.200000011646
5606.40000001173
6610.400000015383
6917.700000016501
7599.500000018981
7806.000000019732
8598.000000015229
9579.300000000949
9657.59999999981
9769.199999998184
576.7000000001233
736.7999999999777
1611.599999999182
2579.300000000718
3575.200000004341
3735.000000004922
4576.000000007982
5576.20000001162
5777.600000012353
6916.8000000164975
7596.600000018971
7737.100000019482
8599.400000015208
8680.900000014022
8785.400000012502
9578.100000000966
9660.499999999767
9751.499999998445
578.3000000001218
1613.099999999181
1769.1999999990387
2580.700000000723
3577.200000004348
3743.4000000049527
4582.600000008006
5578.600000011629
5774.700000012343
6918.100000016502
7595.300000018966
7755.400000019548
8004.800000020456
8597.90000001523
8764.500000012806
9579.100000000952
9664.999999999702
9754.599999998398
577.1000000001229
739.2999999999754
1611.599999999182
1767.89999999904
2577.600000000712
3573.2000000043336
3728.7000000048993
3873.700000005427
4575.300000007979
5575.800000011619
5771.600000012331
6885.000000016382
6919.900000016509
7592.600000018956
7732.900000019466
7795.900000019696
7985.800000020386
8591.400000015325
8614.40000001499
8764.800000012801
8892.200000010947
9576.000000000997
9657.999999999804
9753.599999998412
9783.799999997971
9887.69999999646
1614.1999999991797
1768.1999999990396
2580.900000000724
3587.300000004385
3742.800000004951
4582.700000008006
5583.600000011647
5774.300000012341
6917.9000000165015
7754.300000019544
8600.70000001519
8766.600000012775
9579.500000000946
9674.69999999956
9751.999999998436
602.2000000001001
1603.7999999991891
2583.6000000007334
2609.4000000008277
3600.1000000044314
4590.000000008033
5589.400000011668
5605.800000011728
6607.600000015373
6917.000000016498
7604.400000018999
8597.20000001524
8913.200000010642
9581.800000000912
9667.399999999669
9770.99999999816
579.8000000001205
731.5999999999824
1611.8999999991818
1760.9999999990462
2579.7000000007192
3575.300000004341
3723.30000000488
3873.500000005426
4575.100000007978
5576.300000011621
5766.600000012313
6884.000000016378
7594.900000018964
7724.800000019437
8594.900000015274
8760.200000012868
8903.100000010789
9577.10000000098
9661.799999999748
9749.499999998472
9886.499999996478
583.3000000001173
1610.7999999991828
1777.3999999990313
2579.80000000072
3578.4000000043525
3741.2000000049447
4579.800000007996
5578.000000011627
5777.300000012352
6890.0000000164
6924.100000016524
7597.000000018972
7753.700000019542
7985.100000020384
8594.600000015278
8658.100000014354
8767.800000012758
8898.300000010859
9578.50000000096
9660.29999999977
9754.699999998396
