8621.30000001489
8905.400000010755
2086.0999999989235
3878.0000000054415
5203.100000010263
6282.000000014188
8609.500000015061
2089.8999999989373
8602.600000015162
9797.199999997778
1490.1999999992925
2092.299999998946
3875.3000000054326
5185.8000000102
6279.300000014178
6876.400000016351
8617.900000014939
9796.699999997783
6872.600000016337
9876.09999999663
626.8000000000777
1486.5999999992955
1615.4999999991785
2068.9999999988613
2379.799999999992
2984.200000002191
4310.500000007016
5040.10000000967
5170.700000010145
5337.800000010753
6275.300000014164
6876.600000016351
7445.900000018422
8184.100000021108
8601.40000001518
8901.60000001081
9659.099999999788
9766.999999998216
738.4999999999761
1487.0999999992953
2067.0999999988544
2382.1000000000004
3215.6000000030326
5041.3000000096745
5173.700000010156
5340.300000010762
6276.200000014167
6410.600000014656
6877.800000016356
8177.600000021084
8620.400000014903
8905.300000010757
9664.799999999705
1494.1999999992888
2072.499999998874
2388.7000000000244
5170.800000010146
5343.000000010772
6279.500000014179
6923.900000016523
8183.100000021104
8606.500000015105
9662.699999999735
9782.999999997985
1486.7999999992956
2068.69999999886
2380.199999999993
2983.6000000021886
3883.3000000054617
4095.300000006233
4315.500000007034
5039.500000009668
5169.900000010142
5337.500000010752
6274.900000014162
6412.700000014664
6875.3000000163465
7280.30000001782
7445.40000001842
8178.200000021086
8609.900000015055
8900.000000010834
9662.699999999735
9766.699999998222
9893.89999999637
8611.900000015026
6285.900000014202
9775.299999998097
1489.9999999992926
2080.199999998902
2389.3000000000266
5195.500000010235
5340.400000010763
6280.800000014184
8612.900000015012
1499.499999999284
5194.800000010233
5346.400000010784
6280.900000014184
8608.90000001507
188.30000000010853
638.9000000000667
739.9999999999748
1254.7999999995066
1387.7999999993856
1481.8999999993
1612.799999999181
1847.8999999989671
2041.8999999987907
2376.999999999982
2738.300000001296
2968.300000002133
3038.6000000023887
3192.0000000029468
3844.900000005322
4077.9000000061696
4293.1000000069525
5033.200000009645
5156.500000010094
5333.000000010736
5460.000000011198
5577.100000011624
6098.900000013522
6271.50000001415
6405.000000014636
6768.300000015957
6870.100000016328
6920.800000016512
7262.400000017755
7438.300000018395
7761.600000019571
7971.900000020336
8165.900000021042
8585.000000015418
8774.50000001266
8897.100000010876
9088.60000000809
9649.399999999929
9752.699999998424
9887.299999996469
190.300000000109
610.4000000000926
744.4999999999707
935.5999999997968
1413.799999999362
1486.199999999296
1607.7999999991855
1848.999999998966
2053.5999999988053
2377.299999999983
2601.100000000797
2864.2000000017542
2964.1000000021177
3039.6000000023923
3194.1000000029544
3846.200000005327
3929.2000000056287
4097.30000000624
4296.300000006964
5034.200000009649
5158.600000010101
5333.600000010738
5474.200000011249
5607.100000011733
6163.600000013757
6272.100000014152
6404.500000014634
6866.000000016313
6918.900000016505
7264.900000017764
7439.500000018399
7808.00000001974
7975.80000002035
8167.200000021046
8599.100000015213
8680.100000014034
8895.700000010896
9093.800000008014
9648.199999999946
9755.999999998376
9887.299999996469
6296.800000014242
8616.40000001496
9783.899999997971
1496.6999999992863
5341.400000010766
6282.200000014189
6922.3000000165175
8616.600000014958
9770.19999999817
1487.5999999992948
2091.8999999989446
2381.7999999999997
3856.600000005365
4297.400000006968
5167.000000010132
5338.100000010754
6276.500000014168
6868.200000016321
7756.300000019552
8184.60000002111
8607.600000015089
8899.500000010841
9665.1999999997
9762.79999999828
192.4000000001095
620.3000000000836
744.1999999999709
1392.2999999993815
1484.9999999992972
1610.2999999991832
1848.399999998967
2057.099999998818
2378.099999999986
2847.100000001692
2972.9000000021497
3041.000000002397
3194.800000002957
3846.600000005328
4082.000000006185
4296.600000006965
5035.500000009653
5160.90000001011
5334.700000010742
5477.700000011262
6165.600000013765
6273.100000014156
6405.500000014637
6770.800000015966
6870.300000016328
6922.800000016519
7266.100000017768
7440.800000018404
7816.30000001977
8168.10000002105
8601.30000001518
8771.000000012711
8897.200000010875
9100.500000007916
9655.39999999984
9754.199999998404
9888.599999996448
1486.5999999992955
2067.9999999988577
2380.199999999993
3874.5000000054297
4324.300000007066
5171.500000010148
5337.700000010753
6278.400000014175
6415.7000000146745
6878.600000016359
7446.600000018425
7822.900000019794
8602.70000001516
8915.600000010607
9660.499999999767
9768.499999998196
1486.7999999992956
2065.7999999988497
2380.099999999993
2608.1000000008225
5169.900000010142
5339.400000010759
5605.800000011728
6278.100000014174
6876.900000016352
8599.500000015207
8899.800000010837
9659.69999999978
9774.099999998114
1485.099999999297
2067.6999999988566
2378.099999999986
3042.700000002404
3212.5000000030213
3864.6000000053937
4313.800000007028
5036.700000009658
5168.400000010137
5336.700000010749
6274.000000014159
6413.100000014665
6868.400000016321
7442.300000018409
8173.200000021068
8600.400000015194
8899.500000010841
9674.399999999565
9770.99999999816
3580.40000000436
6281.100000014185
8576.900000015536
8686.300000013944
9657.59999999981
742.5999999999724
1488.2999999992942
1847.8999999989671
2069.8999999988646
2381.199999999997
3859.400000005375
4317.800000007042
5183.7000000101925
5341.400000010766
6277.300000014171
6865.100000016309
7447.300000018427
8602.300000015166
9661.099999999758
9758.399999998344
8654.600000014405
203.400000000112
618.7000000000851
931.3999999998008
1487.5999999992948
1611.1999999991824
2056.799999998817
2380.599999999995
2578.600000000715
2941.900000002037
3042.9000000024043
3566.000000004308
3875.400000005433
4084.600000006194
4315.300000007033
4569.000000007956
5040.300000009671
5167.900000010135
5337.9000000107535
5567.200000011588
5933.600000012921
6275.900000014166
6571.500000015241
6876.20000001635
6921.000000016513
7444.600000018418
7928.700000020179
8174.300000021072
8572.300000015603
8616.600000014958
8685.500000013955
8899.700000010838
9577.500000000977
9651.699999999895
9755.599999998383
9894.69999999636
6281.500000014186
7814.700000019764
8610.200000015051
1487.9999999992945
1852.799999998963
2074.09999999888
3849.90000000534
4328.400000007081
5171.700000010149
5345.400000010781
6278.500000014175
6870.300000016328
7813.50000001976
8603.40000001515
8811.400000012123
8906.800000010735
9663.899999999718
9778.599999998049
1486.6999999992956
2381.199999999997
3872.100000005421
4309.500000007012
5169.20000001014
5339.0000000107575
5588.000000011663
6277.300000014171
6874.700000016344
8178.100000021086
8596.600000015249
9667.599999999664
9785.199999997953
196.8000000001105
739.699999999975
1484.199999999298
1613.99999999918
1773.4999999990348
1867.0999999989497
2057.899999998821
2378.699999999988
2970.4000000021406
3040.300000002395
3212.700000003022
3859.700000005376
4083.4000000061897
4297.90000000697
4796.600000008784
5035.900000009655
5152.100000010078
5335.400000010744
5483.600000011284
6164.20000001376
6273.500000014157
6406.600000014641
6768.900000015959
6873.300000016339
6920.20000001651
7269.900000017782
7441.600000018407
7802.50000001972
7985.200000020384
8165.200000021039
8602.200000015167
8772.100000012695
8901.200000010816
9650.599999999911
9755.89999999838
9893.699999996374
199.70000000011115
1484.9999999992972
2059.3999999988264
2378.4999999999877
2969.400000002137
3201.900000002983
3860.000000005377
4304.700000006995
5040.400000009671
5165.0000000101245
5338.400000010755
6274.20000001416
6875.700000016348
7271.500000017788
7445.40000001842
7980.700000020368
8174.400000021073
8603.700000015146
8899.700000010838
9648.59999999994
9756.099999998376
198.50000000011087
1483.4999999992986
1649.1999999991478
2060.999999998832
2378.2999999999865
3040.4000000023952
3198.8000000029715
3869.500000005412
4088.400000006208
4298.300000006972
5036.500000009657
5164.400000010122
5335.100000010743
5490.600000011309
6273.600000014158
6406.000000014639
6875.800000016348
7271.300000017787
7441.700000018407
8169.200000021054
8599.400000015208
8900.30000001083
9656.599999999824
9752.599999998429
9900.999999996267
5343.300000010773
6282.000000014188
6922.600000016519
8611.00000001504
9759.799999998322
8620.000000014908
9782.399999997991
1490.0999999992923
1851.199999998964
2078.3999999988955
2387.900000000021
3852.200000005349
5178.400000010173
5340.000000010761
6278.200000014174
6876.600000016351
7451.500000018443
8610.000000015054
9678.8999999995
9774.9999999981
1491.3999999992914
2082.099999998909
2386.2000000000157
3855.100000005359
5172.600000010152
5344.900000010779
6279.70000001418
6880.300000016365
7451.200000018442
8907.20000001073
9754.4999999984
6871.600000016333
194.80000000011003
1057.0999999996864
1483.1999999992988
2058.999999998825
2378.2999999999865
2973.800000002153
3193.9000000029537
3853.200000005352
4091.4000000062183
4296.900000006966
5036.400000009657
5161.800000010113
5335.500000010745
6168.400000013775
6273.3000000141565
6411.60000001466
6873.800000016341
7266.400000017769
7443.2000000184125
7809.700000019746
8173.500000021069
8601.30000001518
8901.70000001081
9650.999999999904
9776.999999998072
3862.500000005386
4312.500000007023
5342.3000000107695
6282.200000014189
8602.900000015157
9673.39999999958
6925.6000000165295
8622.00000001488
6882.500000016373
9798.49999999776
937.599999999795
7950.200000020257
8623.800000014853
9800.599999997728
8613.900000014997
9780.59999999802
8614.500000014988
9781.999999998
199.5000000001111
623.200000000081
737.9999999999766
1485.3999999992968
1614.7999999991791
1846.199999998969
2067.1999999988548
2378.999999999989
2730.4000000012675
2979.000000002172
3197.4000000029664
3740.700000004943
3844.000000005319
4091.60000000622
4300.200000006978
5037.30000000966
5165.100000010125
5336.100000010747
6273.700000014158
6406.800000014642
6772.000000015971
6875.200000016346
7271.500000017788
7442.700000018411
7807.900000019739
8171.200000021061
8604.000000015141
8810.500000012136
8903.900000010777
9656.099999999831
9756.799999998366
3875.900000005435
9776.299999998082
672.1000000000365
2589.000000000753
2970.9000000021424
3580.6000000043605
4586.300000008019
5575.4000000116175
6284.3000000141965
6898.600000016431
7983.500000020378
8579.3000000155
9588.000000000822
9661.799999999748
5344.700000010778
6282.300000014189
6878.100000016357
8610.30000001505
8906.50000001074
9661.399999999754
9760.999999998305
8615.600000014972
9662.99999999973
8609.100000015067
9679.999999999483
8610.800000015042
9665.79999999969
203.9000000001121
740.6999999999741
1485.199999999297
2066.499999998852
2378.399999999987
3196.6000000029635
3750.90000000498
4296.900000006966
5037.30000000966
5170.200000010143
5335.900000010746
6273.900000014159
6410.300000014655
6874.300000016343
7274.000000017797
7442.50000001841
8173.60000002107
8605.700000015117
8903.500000010783
9655.999999999833
9750.99999999845
6283.800000014195
8617.900000014939
5347.200000010787
6282.300000014189
6882.800000016374
8608.700000015073
9777.299999998068
3855.40000000536
5346.500000010785
6285.4000000142005
6880.400000016365
8616.40000001496
9782.099999997998
9793.999999997824
8615.200000014978
9798.49999999776
1487.1999999992952
2069.5999999988635
2382.300000000001
4322.50000000706
5171.200000010147
5338.600000010756
6278.200000014174
6892.100000016408
7446.300000018424
8182.900000021104
8608.300000015079
9658.999999999787
9779.999999998028
1492.6999999992902
2074.699999998882
2971.2000000021435
3887.300000005476
5193.800000010229
5341.400000010766
6281.200000014185
6876.600000016351
7980.3000000203665
8608.300000015079
8897.300000010873
9662.499999999738
9757.89999999835
9890.49999999642
621.4000000000826
736.399999999978
1488.8999999992936
1610.9999999991826
2073.1999999988766
2380.799999999996
2980.200000002176
4745.9000000086
5038.800000009665
5173.900000010157
5343.500000010774
6277.500000014172
6411.70000001466
6878.700000016359
7454.000000018452
7756.400000019552
8184.8000000211105
8603.900000015143
9647.699999999952
9747.999999998494
200.2000000001113
610.3000000000927
1484.8999999992973
1605.3999999991877
1785.299999999024
2064.8999999988464
2378.999999999989
2600.700000000796
2970.800000002142
4303.900000006992
4598.100000008062
5038.800000009665
5167.700000010134
5337.9000000107535
5603.50000001172
6274.20000001416
6610.200000015382
6769.400000015961
6879.500000016362
7454.100000018452
7984.7000000203825
8173.60000002107
8582.300000015457
8615.200000014978
8904.800000010764
9590.20000000079
9654.399999999856
9755.399999998386
2604.000000000808
4334.400000007103
5193.500000010228
5604.900000011725
6281.400000014186
6886.100000016386
8600.500000015192
9661.599999999751
6286.400000014204
6869.400000016325
8601.000000015185
9789.099999997896
208.50000000011315
873.9999999998529
1486.299999999296
1875.2999999989424
2075.199999998884
2380.799999999996
3854.9000000053584
4316.300000007037
5167.300000010133
5340.300000010762
6276.000000014166
6866.100000016313
8173.80000002107
8604.900000015128
8896.400000010886
9664.299999999712
9761.799999998291
9870.099999996715
190.50000000010905
661.2000000000464
738.3999999999762
1481.8999999993
1612.699999999181
1773.8999999990344
1880.1999999989375
2061.2999999988333
2378.699999999988
2971.5000000021446
3042.500000002403
3193.9000000029537
3726.600000004892
3853.500000005353
4083.800000006191
4304.100000006993
5036.000000009655
5160.500000010108
5335.800000010746
5487.600000011298
5610.100000011744
6167.700000013772
6273.700000014158
6406.700000014642
6767.600000015955
6870.500000016329
6922.800000016519
7269.700000017781
7441.700000018407
7756.800000019553
7990.100000020402
8170.200000021057
8579.100000015504
8630.800000014751
8774.600000012659
8897.300000010873
9587.200000000834
9660.699999999764
9748.599999998483
9888.099999996455
8625.600000014827
1490.799999999292
2073.099999998876
5193.90000001023
5341.400000010766
6280.700000014183
6922.200000016517
8605.200000015124
9662.599999999737
9783.799999997971
1488.0999999992944
1618.099999999176
2067.3999999988555
2384.100000000008
2969.400000002137
4094.4000000062297
4334.900000007105
5174.300000010158
5338.500000010756
6279.500000014179
6879.600000016362
7446.700000018425
7986.300000020388
8604.400000015135
8903.00000001079
9660.399999999769
9765.699999998236
2076.399999998888
2973.7000000021526
5344.300000010777
6283.100000014192
6923.800000016523
8613.900000014997
9662.499999999738
9783.199999997982
3853.300000005353
6869.400000016325
8611.500000015032
9673.599999999577
5347.400000010788
8624.70000001484
6289.000000014214
8605.100000015125
9647.599999999957
9798.699999997756
736.499999999978
884.0999999998437
1486.4999999992958
1875.6999999989416
2068.1999999988584
2380.199999999993
2971.5000000021446
3856.800000005365
5040.600000009672
5184.8000000101965
5338.200000010755
5890.900000012765
6277.00000001417
6773.300000015976
6870.9000000163305
7444.700000018418
7762.800000019575
7978.900000020361
8603.000000015156
8801.100000012273
8889.200000010991
9659.799999999776
9753.599999998412
9882.89999999653
615.9000000000876
935.7999999997968
1612.1999999991815
2605.200000000812
5610.600000011746
6283.2000000141925
6919.500000016507
8600.400000015194
8911.200000010671
9661.999999999744
9941.39999999568
2610.400000000831
5609.500000011742
6632.300000015463
8604.600000015133
1488.399999999294
2068.899999998861
2384.200000000008
2970.7000000021417
3874.5000000054297
5182.6000000101885
5339.300000010759
6278.200000014174
6877.000000016353
7447.100000018427
7983.100000020377
8604.600000015133
8895.200000010904
9661.899999999749
9779.09999999804
9887.299999996469
8618.300000014933
187.5000000001084
443.0000000001664
733.199999999981
866.19999999986
1053.7999999996894
1387.6999999993857
1483.6999999992984
1612.2999999991814
1763.399999999044
2057.399999998819
2376.899999999981
2726.700000001254
2839.5000000016644
2972.700000002149
3040.4000000023952
3192.300000002948
3724.400000004884
3845.0000000053215
4080.3000000061775
4294.900000006959
4740.800000008581
5033.300000009645
5157.200000010096
5332.700000010735
5488.400000011301
5872.400000012698
6161.200000013749
6271.800000014151
6405.600000014638
6755.700000015911
6864.3000000163065
6920.500000016511
7263.400000017758
7438.500000018395
7730.500000019458
7995.900000020423
8163.700000021034
8599.800000015202
8727.000000013351
8887.600000011014
9095.300000007992
9656.599999999824
9743.599999998558
9860.799999996852
1489.699999999293
3923.600000005608
5198.300000010246
6280.600000014183
6881.500000016369
8632.700000014724
8898.90000001085
9665.499999999694
9892.199999996395
743.0999999999719
2399.4000000000638
5341.700000010767
6282.40000001419
8615.000000014981
9770.19999999817
189.50000000010883
741.9999999999729
982.9999999997538
1389.2999999993842
1482.999999999299
1612.399999999181
1848.999999998966
2046.999999998786
2377.499999999984
2963.100000002114
3037.900000002386
3192.600000002949
3725.300000004887
3847.400000005331
4080.3000000061775
4295.700000006962
4992.200000009496
5158.2000000101
5333.300000010737
5469.600000011233
6055.200000013363
6163.900000013759
6272.400000014153
6404.800000014635
6769.800000015963
6868.10000001632
6920.1000000165095
7265.100000017765
7439.7000000184
7811.600000019753
7971.100000020333
8165.900000021042
8584.700000015422
8688.60000001391
8895.800000010895
9094.10000000801
9650.299999999916
9751.199999998447
9885.199999996496
615.500000000088
2601.400000000798
2732.1000000012737
5199.800000010251
5607.400000011734
6282.200000014189
6620.100000015418
7741.300000019497
8601.40000001518
9662.39999999974
610.8000000000923
739.0999999999756
1488.599999999294
1608.399999999185
2069.8999999988646
2380.299999999994
2602.300000000801
2973.1000000021504
3854.100000005356
4301.300000006982
5169.20000001014
5341.100000010765
5603.300000011719
6278.500000014175
6610.100000015382
6882.600000016373
7453.700000018451
8176.50000002108
8599.30000001521
8908.100000010716
9660.099999999771
9754.3999999984
8618.50000001493
664.0000000000439
1485.7999999992965
2064.9999999988468
2381.5999999999985
2677.500000001075
2974.100000002154
3727.400000004895
4307.600000007005
5039.000000009666
5168.800000010138
5338.800000010757
6274.4000000141605
6717.400000015772
6876.900000016352
7282.800000017829
7448.500000018432
7733.400000019468
8177.200000021083
8601.500000015178
8681.00000001402
8902.900000010792
9649.599999999926
9770.599999998163
606.4000000000963
1487.1999999992952
1600.499999999192
2069.199999998862
2379.699999999992
2601.100000000797
3853.300000005353
4328.800000007082
5040.800000009673
5174.600000010159
5338.600000010756
6274.30000001416
6606.300000015368
6879.500000016362
7618.100000019049
8599.700000015204
8901.100000010818
9661.499999999753
9773.59999999812
6876.700000016352
8895.5000000109
9889.599999996432
1491.5999999992912
2082.4999999989104
5188.1000000102085
5342.600000010771
6281.800000014187
6877.400000016354
8615.200000014978
8897.900000010864
9675.299999999552
9890.199999996425
1486.4999999992958
1601.799999999191
2067.499999998856
2380.599999999995
2974.0000000021537
4310.900000007017
5040.400000009671
5174.300000010158
5339.0000000107575
5611.80000001175
6277.900000014173
6611.800000015388
6878.200000016357
8177.300000021083
8599.600000015205
8903.00000001079
9671.799999999605
2729.3000000012635
6285.800000014202
6885.700000016384
8616.200000014964
5612.000000011751
8607.200000015095
6880.100000016364
9667.699999999662
9754.899999998392
2074.4999999988813
4308.300000007008
5189.400000010213
5607.300000011734
6279.600000014179
8192.200000021134
8602.100000015169
9805.99999999765
9675.799999999545
189.3000000001088
736.8999999999776
1389.2999999993842
1485.099999999297
1686.299999999114
2055.599999998813
2377.499999999984
2973.300000002151
3192.100000002947
3712.8000000048414
3852.900000005351
4081.700000006184
4299.000000006974
4747.000000008604
5036.000000009655
5157.800000010098
5334.800000010742
6161.000000013748
6272.400000014153
6405.200000014636
6868.900000016323
7264.400000017762
7439.8000000184
7983.200000020377
8165.50000002104
8603.300000015151
8680.600000014027
8900.100000010832
9096.000000007982
9648.299999999945
9749.69999999847
6883.000000016375
666.0000000000421
2068.4999999988595
2678.2000000010776
4312.600000007024
5172.400000010151
6277.500000014172
8612.30000001502
8913.000000010645
9655.39999999984
9778.699999998047
200.10000000011124
735.8999999999785
1485.4999999992967
2059.3999999988264
2379.499999999991
2735.100000001285
2972.8000000021493
3201.400000002981
3747.500000004968
3854.800000005358
4309.300000007012
4744.100000008593
5039.700000009669
5168.000000010135
5338.500000010756
6274.30000001416
6407.900000014646
6779.100000015997
6869.300000016325
7273.400000017795
7446.100000018423
7739.30000001949
7985.800000020386
8174.800000021074
8614.900000014983
8899.000000010848
9666.199999999684
9745.899999998524
9889.399999996436
194.2000000001099
605.0000000000975
1482.3999999992996
1600.799999999192
2058.899999998825
2378.2999999999865
2596.6000000007807
2971.2000000021435
3194.9000000029573
3611.600000004473
3881.3000000054544
4297.100000006967
4590.5000000080345
5037.000000009659
5162.500000010115
5338.200000010755
5602.200000011715
6176.600000013805
6274.100000014159
6604.20000001536
6871.000000016331
7279.400000017817
7440.500000018403
7608.700000019015
8169.900000021056
8584.400000015426
8895.300000010902
9098.400000007949
9586.600000000844
9656.499999999824
9762.499999998285
9888.099999996455
1488.9999999992935
2380.399999999994
4311.60000000702
5177.200000010169
5345.20000001078
6277.200000014171
6876.600000016351
8604.600000015133
9663.199999999728
618.3000000000854
740.1999999999746
2601.8000000008
3746.7000000049647
5604.000000011722
6610.300000015383
7754.100000019544
8601.500000015178
9760.199999998316
626.2000000000783
1761.8999999990451
2732.800000001276
3740.200000004941
4309.100000007011
5176.400000010166
5617.500000011771
6278.900000014177
6749.200000015888
6872.400000016336
7743.200000019504
8601.200000015182
8760.200000012868
8904.000000010776
9668.59999999965
9748.599999998483
1486.5999999992955
2730.700000001269
3853.200000005352
5167.400000010133
6275.200000014163
6858.700000016286
7274.8000000178
8602.300000015166
9666.999999999673
9783.499999997975
603.1000000000993
1598.8999999991936
2596.40000000078
3605.700000004452
4593.900000008047
5597.900000011699
6281.400000014186
6599.700000015344
7603.300000018995
8595.400000015266
9602.900000000604
9668.999999999643
200.8000000001114
615.3000000000882
740.5999999999742
1484.7999999992974
1610.899999999183
1844.8999999989696
2068.099999998858
2378.2999999999865
2607.2000000008197
2971.100000002143
3199.500000002974
3843.9000000053184
4100.500000006252
4314.600000007031
5036.700000009658
5165.200000010125
5335.7000000107455
5608.700000011739
6273.3000000141565
6407.600000014645
6849.800000016254
6921.700000016515
7440.900000018404
7983.90000002038
8171.600000021062
8600.300000015195
8898.500000010856
9649.799999999925
9753.199999998418
9886.799999996474
8612.700000015015
6882.700000016373
8621.400000014888
744.2999999999709
1755.0999999990515
3742.000000004948
4744.200000008594
6744.800000015872
7740.700000019495
8756.300000012925
9744.19999999855
8627.100000014805
201.2000000001115
603.0000000000994
1485.3999999992968
1597.8999999991945
2059.0999999988253
2379.799999999992
2596.900000000782
2972.1000000021468
3610.500000004469
3927.5000000056234
4298.900000006974
4593.900000008047
5038.500000009664
5167.500000010134
5337.600000010752
5599.3000000117045
6274.000000014159
6604.600000015362
6873.300000016339
6926.000000016531
7272.300000017791
7604.200000018998
8173.60000002107
8595.700000015262
8898.700000010853
9601.400000000627
9663.999999999716
9768.399999998195
9893.599999996375
2849.900000001702
6286.100000014203
8616.000000014967
3878.100000005443
6880.100000016364
8618.50000001493
9802.699999997698
9896.09999999634
868.6999999998577
3873.200000005425
5879.200000012723
6868.7000000163225
7875.000000019983
9869.099999996732
885.8999999998421
6872.900000016338
7806.700000019735
8805.000000012216
8904.000000010776
9886.29999999648
189.3000000001088
668.6000000000397
735.7999999999786
868.8999999998575
1391.799999999382
1484.3999999992975
1765.0999999990424
1872.599999998945
2056.0999999988144
2377.499999999984
2728.0000000012587
2968.5000000021337
3192.5000000029486
3736.4000000049273
3846.300000005327
4083.700000006191
4298.300000006972
4738.600000008573
5000.500000009526
5159.5000000101045
5333.800000010739
5780.300000012363
5876.600000012713
6168.800000013776
6273.000000014155
6758.900000015923
6863.400000016303
6919.400000016507
7266.800000017771
7440.400000018402
7731.10000001946
7797.0000000197
7884.200000020017
7977.000000020354
8170.700000021059
8601.800000015173
8684.200000013974
8765.700000012788
8879.800000011128
9650.199999999915
9744.399999998546
9870.999999996704
8637.300000014657
6881.400000016369
9893.599999996375
6285.500000014201
8614.300000014991
614.3000000000891
2612.400000000838
5194.7000000102325
5609.300000011741
6282.1000000141885
6611.800000015388
6880.000000016364
8600.500000015192
8902.100000010803
9895.099999996351
733.9999999999802
1487.5999999992948
1688.2999999991123
2069.799999998864
2391.200000000033
2731.600000001272
2971.5000000021446
3857.200000005367
4738.4000000085725
5172.600000010152
5339.100000010758
6279.600000014179
6867.000000016316
7448.10000001843
7735.500000019476
8612.200000015022
8686.700000013938
8894.10000001092
9659.199999999786
9746.699999998513
9885.799999996489
196.0000000001103
663.3000000000445
736.5999999999779
1483.099999999299
1654.6999999991428
2057.399999998819
2378.2999999999865
2674.0000000010623
2970.6000000021413
3194.300000002955
3856.700000005365
4297.400000006968
4739.100000008575
5038.300000009664
5164.800000010124
5336.300000010748
6176.900000013806
6273.400000014157
6780.200000016001
6876.400000016351
7269.900000017782
7443.800000018415
7728.40000001945
7980.500000020367
8171.900000021063
8600.300000015195
8681.500000014013
8895.700000010896
9645.399999999989
9748.89999999848
9888.799999996443
199.70000000011115
624.2000000000801
734.29999999998
1484.3999999992975
1771.7999999990363
2064.299999998844
2378.999999999989
2734.6000000012828
3199.500000002974
3740.400000004942
4297.500000006969
4742.500000008587
5038.700000009665
5163.9000000101205
5338.800000010757
5608.700000011739
6274.700000014162
6762.000000015934
6873.700000016341
7294.00000001787
7442.000000018408
7737.200000019482
8169.700000021055
8601.500000015178
8766.90000001277
8906.300000010742
9660.499999999767
9744.499999998545
6879.800000016363
604.6000000000979
1493.7999999992892
1599.8999999991927
2071.4999999988704
2599.20000000079
4329.900000007086
4600.600000008071
5185.8000000102
5603.300000011719
6279.200000014178
6603.500000015358
6884.40000001638
7604.800000019
8597.300000015239
8908.50000001071
9646.49999999997
9783.699999997974
2971.7000000021453
3880.400000005451
6284.600000014198
6873.700000016341
7978.900000020361
8613.700000015
8905.000000010761
9894.399999996363
2970.20000000214
6875.100000016346
7977.300000020356
8615.700000014971
8899.800000010837
9678.699999999502
9892.099999996395
739.799999999975
3742.900000004951
4746.900000008604
6751.200000015895
7747.300000019519
8762.10000001284
9746.399999998515
5348.400000010792
6288.200000014211
6878.400000016358
8639.10000001463
8899.900000010835
9790.999999997868
9894.299999996363
610.8000000000923
1486.0999999992962
2073.599999998878
2380.4999999999945
2605.700000000814
3931.200000005636
4307.400000007005
5172.200000010151
5339.80000001076
5604.400000011723
6275.900000014166
6612.500000015391
6877.000000016353
8599.100000015213
8896.300000010888
9648.199999999946
9780.799999998017
9887.299999996469
620.6000000000834
742.3999999999726
1489.7999999992928
2730.1000000012664
3742.000000004948
4310.700000007017
4742.200000008586
5170.400000010144
5611.200000011748
6278.000000014174
6750.400000015892
6879.400000016361
7736.000000019478
8602.900000015157
8907.20000001073
9675.799999999545
9749.099999998478
5195.900000010237
5341.800000010768
6282.800000014191
6882.400000016372
8624.00000001485
8893.700000010926
9892.099999996395
6283.500000014194
6877.300000016354
8619.90000001491
8623.600000014856
8640.600000014609
5622.000000011787
6283.900000014195
6880.900000016367
8606.20000001511
8911.800000010662
9778.49999999805
1487.7999999992946
2071.899999998872
2381.499999999998
4312.300000007022
5173.200000010154
5338.800000010757
6277.800000014173
6873.50000001634
7451.000000018441
8605.300000015122
9667.19999999967
9767.599999998209
9886.899999996473
190.200000000109
439.5000000001656
645.1000000000611
733.8999999999803
1389.399999999384
1482.999999999299
1748.099999999058
1848.5999999989665
2064.3999999988446
2377.599999999984
2729.3000000012635
2971.5000000021446
3192.300000002948
3736.8000000049287
3845.200000005323
4294.800000006959
4738.800000008574
5037.000000009659
5156.900000010095
5333.200000010736
5475.400000011254
5752.800000012263
6161.000000013748
6272.500000014154
6408.000000014647
6742.300000015863
6865.800000016312
6922.500000016518
7266.300000017769
7439.9000000184
7734.200000019471
8164.400000021036
8600.300000015195
8730.400000013302
8897.200000010875
9095.900000007983
9655.999999999833
9739.799999998611
9888.49999999645
6879.500000016362
8613.800000014999
6924.700000016526
8608.000000015083
6286.600000014205
9759.599999998323
194.60000000011
1481.7999999993
2057.2999999988187
2378.199999999986
2971.400000002144
3193.500000002952
3850.5000000053424
4296.400000006965
5037.900000009662
5162.300000010115
5335.800000010746
6177.000000013806
6273.3000000141565
6873.300000016339
7268.500000017777
7441.200000018405
7981.600000020371
8170.400000021058
8604.300000015137
8895.600000010898
9665.599999999691
9774.899999998102
9888.799999996443
1495.8999999992873
2073.3999999988773
5169.600000010141
5343.300000010773
6278.700000014176
6920.900000016512
8617.500000014945
9661.599999999751
9786.69999999793
9788.499999997905
6881.300000016368
8618.300000014933
610.8000000000923
1609.499999999184
2389.9000000000287
2601.600000000799
3868.500000005408
5189.2000000102125
5604.8000000117245
6279.70000001418
6615.700000015402
6871.500000016333
7625.100000019074
7831.6000000198255
8600.400000015194
8902.400000010799
9662.599999999737
9781.599999998003
9895.399999996347
8617.400000014946
8630.700000014753
9761.699999998296
6890.900000016403
9786.399999997937
622.6000000000815
2073.4999999988777
5200.200000010253
5612.5000000117525
6281.400000014186
6878.700000016359
8604.000000015141
9664.299999999712
