842.0999999998819
961.9999999997729
6954.500000016635
2886.300000001834
7876.90000001999
867.1999999998591
875.8999999998512
889.1999999998391
1871.7999999989452
2869.7000000017742
2876.000000001797
2888.700000001844
3871.70000000542
3883.200000005461
4874.000000009066
4891.100000009128
5873.100000012701
6873.000000016338
6899.2000000164335
7864.900000019947
7874.2000000199805
8873.400000011221
9871.89999999669
9893.399999996378
930.4999999998016
938.799999999794
2935.900000002015
3933.2000000056432
6936.70000001657
7934.900000020201
8941.200000010234
9940.399999995694
818.3999999999035
840.0999999998837
863.8999999998621
873.9999999998529
1831.8999999989817
1848.2999999989668
1875.7999999989415
2823.6000000016065
2872.900000001786
3827.4000000052574
3843.800000005318
3873.900000005428
4835.200000008925
4877.500000009079
5822.300000012516
5881.500000012731
6844.300000016234
6857.500000016282
6875.500000016347
7835.100000019838
7862.600000019938
7875.900000019987
8818.600000012018
8833.400000011803
9836.699999997203
9862.899999996822
9876.79999999662
734.6999999999796
741.6999999999732
1738.199999999067
1764.0999999990431
2740.200000001303
3742.5000000049495
3759.10000000501
4738.000000008571
4753.800000008629
5739.000000012213
5749.20000001225
6743.200000015866
6774.200000015979
7739.700000019491
7757.400000019556
8737.300000013201
8751.400000012996
9741.199999998593
9753.399999998415
917.4999999998132
952.2999999997816
967.5999999997678
2976.1000000021613
3013.5000000022974
4996.700000009512
6977.600000016719
7981.20000002037
9997.199999994868
875.9999999998511
2878.700000001807
