6288.200000014211
9783.099999997983
5346.100000010783
6281.900000014188
6879.10000001636
8614.100000014994
8899.800000010837
9762.099999998289
2973.300000002151
6880.900000016367
8613.200000015007
9669.29999999964
9777.599999998063
1488.7999999992935
2975.200000002158
5183.300000010191
6280.800000014184
6919.100000016506
7987.000000020391
8619.100000014922
8900.800000010822
9662.499999999738
1486.5999999992955
2065.89999999885
2379.499999999991
3878.200000005443
4315.800000007035
5168.100000010136
5339.60000001076
6275.900000014166
6880.300000016365
7444.000000018415
8192.700000021126
8614.100000014994
8903.300000010786
9663.299999999726
9773.59999999812
1486.7999999992956
1788.0999999990215
2068.9999999988613
2385.300000000012
5167.400000010133
5337.9000000107535
6275.400000014164
6413.800000014668
6884.700000016381
8605.300000015122
9662.799999999734
9764.999999998246
1489.8999999992927
2070.1999999988657
2387.7000000000207
5174.500000010159
5342.700000010771
6279.300000014178
6920.1000000165095
8611.500000015032
8921.60000001052
9668.799999999646
1486.0999999992962
2068.4999999988595
2381.399999999998
3856.600000005365
4096.000000006236
4337.500000007114
5043.300000009682
5169.20000001014
5337.700000010753
6276.800000014169
6882.500000016373
7288.400000017849
7444.700000018418
8182.300000021101
8609.700000015058
8914.600000010621
9668.199999999655
9761.799999998291
6924.600000016526
8620.800000014897
6921.400000016514
2975.70000000216
1489.9999999992926
2381.499999999998
5182.700000010189
5345.900000010783
6279.400000014179
7452.700000018447
8621.100000014892
9667.89999999966
9784.499999997965
5195.8000000102365
5341.2000000107655
6281.600000014187
6920.1000000165095
8612.500000015018
8905.10000001076
187.10000000010828
367.0000000001492
642.7000000000633
1044.0999999996982
1387.499999999386
1481.4999999993004
1845.3999999989692
2039.399999998793
2376.6999999999807
2844.300000001682
2969.5000000021373
3036.9000000023825
3191.4000000029446
3843.800000005318
4079.300000006175
4294.000000006956
5032.000000009641
5153.400000010082
5332.200000010733
5476.700000011258
6160.400000013746
6271.40000001415
6403.600000014631
6804.80000001609
6879.10000001636
7262.200000017754
7437.700000018392
7947.600000020247
8163.200000021032
8600.100000015198
8892.900000010937
9067.000000008404
9648.299999999945
9758.899999998335
9892.899999996383
190.50000000010905
633.3000000000718
735.1999999999791
1060.1999999996835
1391.599999999382
1483.7999999992985
1682.8999999991172
1782.6999999990264
2054.099999998807
2377.299999999983
2970.500000002141
3039.200000002391
3192.300000002948
3717.7000000048592
3851.4000000053456
4295.000000006959
5032.600000009643
5158.500000010101
5334.30000001074
5474.900000011252
6162.300000013753
6272.100000014152
6405.100000014636
6768.800000015959
6870.200000016328
6919.800000016508
7266.100000017768
7438.700000018396
7977.800000020357
8166.600000021044
8601.200000015182
8683.700000013981
8775.90000001264
8897.100000010876
9096.400000007976
9649.199999999932
9664.599999999708
9757.499999998356
9900.399999996276
6292.300000014226
8615.000000014981
9775.899999998088
1494.6999999992884
5342.000000010768
6283.000000014192
6921.300000016514
8614.900000014983
9672.999999999583
9782.999999997985
616.7000000000869
1486.0999999992962
2068.9999999988613
2380.4999999999945
2972.6000000021486
4311.000000007018
5000.600000009526
5171.100000010147
5341.700000010767
6276.700000014169
6876.000000016349
7278.700000017814
7976.900000020354
8605.200000015124
8898.400000010857
9654.09999999986
9781.499999998006
9787.099999997925
192.30000000010943
643.6000000000624
736.399999999978
1393.199999999381
1485.099999999297
1849.6999999989653
2059.6999999988275
2378.699999999988
2739.5000000013006
2972.6000000021486
3038.90000000239
3194.4000000029555
3851.7000000053463
4082.6000000061863
4296.900000006966
5030.700000009636
5159.800000010106
5334.700000010742
5477.700000011262
6165.100000013763
6273.100000014156
6405.400000014637
6781.100000016004
6877.100000016353
6927.600000016537
7266.400000017769
7440.900000018404
7980.500000020367
8168.10000002105
8601.30000001518
8780.600000012571
8903.400000010784
9096.600000007971
9647.399999999958
9755.89999999838
9892.699999996388
1486.7999999992956
2068.9999999988613
2379.9999999999927
3868.900000005409
4329.000000007083
5171.300000010147
5338.700000010756
6277.600000014172
6881.000000016367
7444.500000018417
8188.700000021125
8612.400000015019
8900.200000010831
9655.599999999838
9766.09999999823
1486.5999999992955
2069.499999998863
2380.899999999996
2972.9000000021497
3867.300000005404
5167.400000010133
5513.400000011392
6277.800000014173
6876.600000016351
8180.300000021094
8602.400000015165
8898.90000001085
9661.399999999754
9772.699999998134
9783.29999999798
630.1000000000747
1485.099999999297
2068.7999999988606
2378.2999999999865
3198.5000000029704
4297.600000006969
5037.100000009659
5168.000000010135
5336.700000010749
6273.700000014158
6876.30000001635
6921.100000016513
7442.60000001841
7981.600000020371
8608.400000015077
8898.100000010862
9660.599999999766
2975.0000000021573
5167.2000000101325
6281.900000014188
8615.400000014975
9679.399999999492
615.2000000000883
1487.8999999992946
2070.899999998868
2381.299999999997
2605.600000000813
3861.700000005383
4322.70000000706
5039.300000009667
5180.000000010179
5341.500000010767
6277.300000014171
6614.100000015396
6878.200000016357
7464.100000018489
7980.100000020366
8600.200000015197
8915.900000010603
9646.199999999975
9757.599999998354
8615.200000014978
8616.900000014954
8623.400000014859
9784.099999997969
626.0000000000784
734.5999999999797
980.399999999756
1486.6999999992956
1618.5999999991757
1784.0999999990252
2065.599999998849
2379.29999999999
2727.7000000012576
2970.000000002139
3849.90000000534
4311.200000007018
4985.00000000947
5157.700000010098
5337.9000000107535
5607.100000011733
5971.5000000130585
6276.000000014166
6409.500000014652
6774.40000001598
6875.200000016346
7444.600000018418
7731.00000001946
7968.000000020322
8178.300000021087
8603.800000015144
8726.900000013353
8898.500000010856
9653.899999999863
9759.799999998322
6282.1000000141885
9671.699999999604
644.5000000000616
1489.699999999293
2081.299999998906
2385.200000000012
4330.80000000709
5174.600000010159
6278.200000014174
6918.300000016503
7980.000000020365
8609.60000001506
8908.900000010704
9660.99999999976
9768.699999998193
1485.9999999992965
2083.799999998915
2381.5999999999985
2974.8000000021566
4307.100000007004
5168.000000010135
5340.600000010763
6276.500000014168
6877.100000016353
7453.100000018449
7979.500000020364
8610.200000015051
8899.500000010841
9655.49999999984
9780.399999998022
8625.300000014831
197.00000000011053
1483.099999999299
1613.99999999918
1850.099999998965
2038.099999998794
2378.7999999999884
2972.500000002148
3039.800000002393
3196.700000002964
3850.100000005341
4027.200000005985
4297.000000006967
5035.700000009654
5161.900000010113
5335.100000010743
5483.200000011282
6022.100000013243
6273.200000014156
6405.700000014638
6877.000000016353
6919.200000016506
7271.300000017787
7442.200000018409
7977.300000020356
8171.700000021063
8603.40000001515
8897.100000010876
9658.799999999792
9761.3999999983
9891.7999999964
198.8000000001109
634.3000000000709
980.9999999997556
1486.399999999296
1775.2999999990332
2067.8999999988573
2379.499999999991
2969.5000000021373
3845.1000000053223
4308.000000007007
5039.300000009667
5162.900000010117
5337.9000000107535
6274.800000014162
6870.000000016327
7276.400000017806
7443.500000018414
8173.200000021068
8602.800000015159
8899.700000010838
9588.600000000812
9667.599999999664
9763.199999998273
198.50000000011087
637.1000000000683
1483.7999999992985
1856.09999999896
2063.2999999988406
2378.099999999986
2973.200000002151
3043.200000002405
3210.500000003014
3850.900000005344
4087.100000006203
4301.900000006985
5035.600000009654
5164.000000010121
5335.800000010746
5495.300000011326
6273.600000014158
6405.900000014639
6885.300000016383
7271.800000017789
7443.400000018413
7981.30000002037
8171.200000021061
8599.30000001521
8899.100000010847
9655.39999999984
9758.49999999834
5343.800000010775
6282.900000014191
6920.900000016512
8613.300000015006
8903.500000010783
9666.39999999968
6923.10000001652
8905.700000010751
9778.799999998046
1489.3999999992932
2382.600000000002
5175.200000010162
5339.70000001076
6278.200000014174
6921.800000016516
7450.100000018438
7989.6000000204
8602.400000015165
9648.69999999994
9776.799999998077
1488.6999999992938
2093.1999999989494
2388.100000000022
5044.400000009686
5195.100000010234
5350.400000010799
6279.80000001418
6876.30000001635
7453.40000001845
8615.700000014971
8903.70000001078
9682.099999999453
8622.900000014866
9674.299999999566
195.00000000011008
939.0999999997936
1480.799999999301
2057.2999999988187
2378.399999999987
2963.900000002117
3193.700000002953
3867.9000000054057
4296.000000006963
4987.300000009478
5159.400000010104
5335.800000010746
5963.500000013029
6273.3000000141565
6409.800000014653
6866.200000016313
6919.100000016506
7268.000000017775
7440.000000018401
7944.3000000202355
8175.000000021075
8601.600000015176
8890.900000010966
9656.999999999818
9782.699999997987
9901.899999996254
8629.800000014766
9787.599999997918
8903.500000010783
1497.5999999992855
1773.399999999035
2977.700000002167
5196.900000010241
6283.100000014192
6881.200000016368
7983.200000020377
8611.800000015028
8688.400000013913
8902.000000010805
9672.599999999591
9763.299999998271
7979.100000020362
8912.00000001066
9770.599999998163
6923.4000000165215
8620.100000014907
9779.299999998038
198.90000000011096
619.8000000000841
738.599999999976
1484.9999999992972
1653.1999999991442
1854.699999998961
2068.2999999988588
2378.8999999999887
2973.00000000215
3040.8000000023967
3200.100000002976
3721.100000004872
3854.7000000053577
4085.6000000061977
4307.700000007006
5034.900000009651
5170.700000010145
5335.600000010745
5499.600000011342
6273.900000014159
6406.800000014642
6641.400000015496
6877.200000016353
7273.000000017793
7442.50000001841
7983.800000020379
8173.200000021068
8602.400000015165
8692.70000001385
8902.200000010802
9644.999999999993
9756.49999999837
6882.600000016373
8607.300000015093
9661.799999999748
6922.000000016516
8636.200000014673
8903.100000010789
9765.799999998237
9781.399999998008
9677.39999999952
2970.4000000021406
3848.000000005333
3946.4000000056913
4997.300000009514
5951.900000012987
6285.000000014199
6876.600000016351
7942.200000020228
8630.20000001476
8896.80000001088
9782.899999997986
9939.599999995706
873.7999999998531
978.8999999997576
1605.099999999188
2969.700000002138
4981.300000009456
5345.6000000107815
5580.200000011635
5966.700000013041
6285.3000000142
6867.400000016318
7598.100000018976
7967.700000020321
8610.000000015054
8898.300000010859
9582.200000000908
9771.499999998152
2970.30000000214
3948.7000000057
6876.800000016352
7945.400000020239
8614.100000014994
8896.20000001089
9780.799999998017
9944.19999999564
6882.900000016374
8613.300000015006
8908.100000010716
9773.399999998124
7976.700000020353
8901.900000010806
9766.299999998228
1483.6999999992984
1851.199999998964
2066.0999999988508
2378.599999999988
2970.30000000214
3200.800000002979
3848.900000005337
4298.600000006973
5036.200000009656
5167.100000010132
5336.200000010747
5494.800000011324
6273.500000014157
6408.000000014647
6874.300000016343
7442.40000001841
7978.900000020361
8172.600000021066
8582.400000015456
8900.100000010832
9663.299999999726
9760.699999998307
5349.200000010795
7980.900000020369
8614.900000014983
9658.799999999792
9673.199999999582
9800.999999997724
6878.90000001636
8628.10000001479
9784.199999997967
5943.000000012955
6894.500000016416
8899.900000010835
9943.999999995642
5204.300000010268
5352.900000010808
6289.400000014215
7981.40000002037
8609.100000015067
9662.799999999734
5346.000000010783
6285.800000014202
7982.600000020375
8608.000000015083
9650.599999999911
9787.199999997923
8621.800000014882
2970.30000000214
6877.5000000163545
7948.000000020249
8896.000000010892
9670.899999999616
9951.499999995533
2970.30000000214
6882.500000016373
7946.100000020242
8631.800000014737
8901.00000001082
9789.699999997889
9948.499999995576
9670.69999999962
1487.6999999992947
2068.399999998859
2380.6999999999957
4329.000000007083
5173.600000010156
5338.600000010756
6279.200000014178
6891.400000016405
7447.000000018426
8608.700000015073
9661.599999999751
9779.399999998035
648.2000000000583
1492.4999999992904
2387.800000000021
2976.500000002163
5175.700000010163
5345.6000000107815
5613.000000011754
6281.400000014186
6874.900000016345
8608.400000015077
9586.80000000084
9766.499999998225
741.4999999999734
933.6999999997986
1488.1999999992945
1614.2999999991796
2053.0999999988035
2380.399999999994
2974.8000000021566
3872.400000005422
4097.700000006242
5035.000000009652
5169.100000010139
5341.400000010766
5607.800000011735
6029.60000001327
6277.300000014171
6410.400000014655
6878.400000016358
6920.700000016512
7473.500000018523
7967.700000020321
8180.700000021096
8608.90000001507
8899.800000010837
9657.59999999981
9770.399999998168
2972.500000002148
7945.900000020241
8899.200000010846
9946.399999995609
195.80000000011023
638.7000000000669
1046.2999999996962
1484.9999999992972
1689.4999999991112
2035.5999999987964
2378.399999999987
2971.0000000021428
3047.800000002422
3860.4000000053775
4023.600000005972
4310.600000007016
5030.700000009636
5165.100000010125
5337.800000010753
5499.800000011343
6019.6000000132335
6274.100000014159
6413.400000014666
6776.100000015986
6879.600000016362
7270.200000017783
7445.100000018419
7973.900000020343
8602.300000015166
8897.800000010866
9654.899999999849
9761.99999999829
6873.700000016341
8899.000000010848
2831.400000001635
3855.600000005361
5192.300000010224
6281.700000014187
6872.000000016335
7980.3000000203665
8620.900000014895
8898.500000010856
9665.899999999689
9763.99999999826
624.4000000000799
2634.90000000092
6286.5000000142045
6627.300000015444
6881.300000016368
7983.100000020377
8610.700000015044
8895.5000000109
9668.59999999965
740.3999999999744
1488.399999999294
1763.7999999990436
2066.399999998852
2381.699999999999
2727.800000001258
4310.600000007016
5168.3000000101365
5343.900000010775
6277.400000014171
6883.200000016375
7449.5000000184355
7755.600000019549
8176.40000002108
8606.20000001511
8905.300000010757
9661.399999999754
9754.099999998403
194.30000000010992
611.5000000000916
740.2999999999745
979.2999999997572
1483.999999999298
1602.4999999991903
1694.4999999991066
1855.1999999989605
2047.9999999987847
2378.599999999988
2731.600000001272
2969.3000000021366
3046.000000002416
3197.600000002967
3713.000000004842
3849.70000000534
4084.000000006192
4302.700000006988
4984.400000009468
5157.000000010095
5335.600000010745
5486.000000011292
5584.800000011652
5969.3000000130505
6273.3000000141565
6406.9000000146425
6867.800000016319
6919.0000000165055
7271.300000017787
7441.600000018407
7595.600000018967
7965.900000020314
8171.100000021061
8601.800000015173
8702.200000013712
8895.100000010905
9581.900000000913
9660.099999999771
9764.09999999826
6922.3000000165175
1491.1999999992915
2070.799999998868
5039.600000009668
5194.00000001023
6280.400000014182
6889.000000016396
8909.100000010701
9664.39999999971
9782.59999999799
1488.8999999992936
1857.3999999989585
2074.999999998883
2382.2000000000007
2972.1000000021468
3851.6000000053455
4334.800000007104
5044.700000009687
5185.9000000102005
5339.60000001076
6278.700000014176
6415.400000014673
6774.800000015981
6876.500000016351
7446.900000018426
7953.70000002027
8609.100000015067
8772.900000012683
8895.300000010902
9660.599999999766
9766.699999998222
9958.399999995432
2972.700000002149
5348.200000010791
6283.100000014192
6788.20000001603
6885.400000016383
8611.900000015026
8900.600000010825
9671.399999999609
9780.799999998017
1772.099999999036
6883.500000016376
7761.40000001957
8616.300000014962
9662.29999999974
9757.399999998355
5353.000000010808
6894.100000016415
7990.000000020402
6288.300000014211
9667.399999999669
633.7000000000714
978.399999999758
1489.2999999992933
1606.9999999991862
2084.899999998919
2379.799999999992
2966.6000000021268
3851.7000000053463
4982.100000009459
5167.900000010135
5338.200000010755
5603.60000001172
6278.000000014174
6869.200000016324
6922.100000016517
7445.900000018422
7977.700000020357
8605.000000015127
8894.200000010918
9581.900000000913
9673.699999999577
9777.79999999806
8636.200000014673
6873.1000000163385
6283.900000014195
6890.1000000164
8613.300000015006
8903.400000010784
9677.699999999517
883.2999999998444
1494.1999999992888
1782.1999999990269
1859.999999998956
2382.400000000001
2851.200000001707
2972.3000000021475
3851.7000000053463
3933.300000005644
5041.700000009676
5190.400000010217
5340.000000010761
5931.500000012913
6280.300000014182
6421.500000014696
6871.900000016334
6923.00000001652
7452.100000018445
7936.900000020209
8606.000000015112
8889.800000010982
9671.799999999605
9763.299999998271
9888.099999996455
9935.79999999576
188.60000000010865
618.1000000000856
733.6999999999805
1387.199999999386
1481.3999999993005
1656.699999999141
1764.599999999043
1848.7999999989663
2044.2999999987885
2377.1999999999825
2726.6000000012536
2847.900000001695
3037.200000002384
3192.0000000029468
3771.1000000050535
3845.200000005323
4079.800000006177
4294.800000006959
5016.300000009584
5156.900000010095
5332.900000010735
5477.300000011261
5682.600000012008
5780.300000012363
6162.700000013754
6272.000000014152
6405.500000014637
6709.500000015743
6866.800000016316
6918.600000016504
7263.000000017757
7439.400000018399
7704.700000019364
7816.800000019772
7978.800000020361
8165.300000021039
8600.100000015198
8686.900000013935
8894.900000010908
9094.800000008
9647.599999999957
9752.39999999843
9889.499999996437
3846.400000005328
5188.200000010209
6281.100000014185
6767.900000015956
6880.000000016364
8767.100000012768
8901.00000001082
2386.6000000000167
5341.800000010768
6282.40000001419
6936.80000001657
7979.300000020363
8615.500000014974
190.0000000001089
628.4000000000763
734.9999999999793
1388.1999999993852
1482.899999999299
1616.2999999991778
1690.89999999911
1774.299999999034
1856.3999999989596
2056.499999998816
2377.3999999999837
2729.500000001264
2844.100000001681
2971.300000002144
3040.300000002395
3194.1000000029544
3705.100000004813
3843.400000005317
4081.000000006181
4295.800000006962
4796.800000008785
5034.100000009648
5159.100000010103
5333.800000010739
5473.400000011246
5783.300000012374
6029.900000013271
6173.300000013793
6272.800000014155
6404.800000014635
6767.800000015955
6877.700000016355
7264.700000017763
7439.400000018399
7707.800000019375
7817.600000019775
8165.900000021042
8600.100000015198
8655.500000014392
8775.500000012646
8900.700000010824
9094.700000008
9649.799999999925
9754.3999999984
9892.799999996389
624.30000000008
1774.1999999990342
2830.2000000016305
3850.700000005343
6283.300000014193
6772.800000015974
6878.000000016356
7980.000000020365
8605.300000015122
8779.30000001259
8904.500000010768
9663.09999999973
9760.499999998312
839.4999999998843
1489.599999999293
1776.9999999990316
2069.5999999988635
2381.699999999999
2826.200000001616
3851.500000005346
4332.100000007094
4837.900000008935
5043.100000009681
5190.3000000102165
6279.400000014179
6773.700000015977
6846.300000016241
6920.500000016511
7824.200000019799
7980.900000020369
8602.800000015159
8783.50000001253
8900.400000010828
9660.699999999764
9759.499999998328
9896.09999999634
8628.900000014779
9660.599999999766
6881.300000016368
7971.900000020336
634.5000000000707
983.1999999997536
1484.9999999992972
1852.799999998963
2068.7999999988606
2380.799999999996
2966.900000002128
3854.500000005357
4327.200000007077
4987.70000000948
5167.600000010134
5338.900000010757
6274.500000014161
6870.600000016329
6919.900000016509
7276.300000017805
7456.20000001846
7960.200000020293
8178.500000021087
8605.200000015124
8693.100000013845
8895.100000010905
9659.499999999782
9759.599999998323
9957.599999995444
637.7000000000678
1486.0999999992962
1692.2999999991086
2068.1999999988584
2379.499999999991
2970.500000002141
3857.300000005367
5037.000000009659
5173.400000010155
5338.000000010754
6277.00000001417
6877.900000016356
7445.40000001842
7976.900000020354
8603.100000015154
8902.3000000108
9654.09999999986
2981.500000002181
6875.400000016347
1493.7999999992892
2388.8000000000247
2971.8000000021457
5193.500000010228
5340.900000010764
6282.60000001419
6872.300000016336
8617.400000014946
8901.900000010806
9784.299999997966
1486.5999999992955
1847.7999999989672
2069.799999998864
2379.5999999999917
2971.2000000021435
3846.300000005327
4315.700000007035
5169.900000010142
5339.70000001076
6275.400000014164
6873.50000001634
7443.400000018413
7983.600000020378
8607.900000015085
8899.300000010844
9659.399999999783
6921.900000016516
8614.500000014988
9664.999999999702
9778.799999998046
7980.700000020368
8604.80000001513
9771.499999998152
6879.900000016363
8613.200000015007
9782.499999997992
2832.70000000164
6281.700000014187
6782.70000001601
6880.200000016364
8613.700000015
9660.799999999765
9771.59999999815
6918.300000016503
8623.30000001486
8903.500000010783
191.70000000010933
1256.0999999995054
1391.599999999382
1483.6999999992984
1773.399999999035
2065.1999999988475
2378.199999999986
2942.80000000204
3038.6000000023887
3192.90000000295
3854.400000005357
4084.400000006193
4295.000000006959
5034.300000009649
5160.700000010109
5334.10000001074
5479.700000011269
5609.900000011743
6272.400000014153
6407.200000014644
6870.300000016328
6918.300000016503
7263.300000017758
7440.100000018401
7977.200000020355
8170.500000021058
8600.500000015192
8896.10000001089
9095.600000007988
9653.899999999863
9756.699999998367
9893.099999996382
6878.500000016358
9783.599999997976
6880.700000016366
8644.200000014556
8905.200000010758
2969.3000000021366
5170.100000010143
6278.100000014174
6876.000000016349
7964.000000020307
8896.300000010888
9661.499999999753
9766.499999998225
196.10000000011036
1484.099999999298
2066.699999998853
2379.499999999991
2972.200000002147
3199.6000000029744
3865.500000005397
4304.400000006994
5036.600000009657
5164.300000010122
5337.700000010753
5610.600000011746
6274.500000014161
6869.200000016324
6919.700000016508
7272.800000017793
7445.600000018421
7975.600000020349
8171.00000002106
8601.700000015175
8896.300000010888
9659.799999999776
9767.599999998209
192.0000000001094
631.4000000000735
989.6999999997475
1483.4999999992986
1667.1999999991317
2068.7999999988606
2379.29999999999
2968.900000002135
3194.500000002956
3849.80000000534
4296.000000006963
4986.600000009476
5162.300000010115
5336.700000010749
5491.000000011311
6273.3000000141565
6630.600000015456
6874.400000016343
6922.400000016518
7266.60000001777
7441.800000018407
7979.000000020362
8170.700000021059
8602.400000015165
8897.800000010866
9646.299999999974
9759.89999999832
1486.399999999296
2383.700000000006
4315.100000007033
5173.100000010154
5342.700000010771
6278.8000000141765
7978.50000002036
8602.00000001517
9651.599999999897
9762.69999999828
2835.300000001649
6921.000000016513
7981.000000020369
8604.400000015135
8907.500000010725
9688.199999999364
9769.399999998182
623.0000000000812
1488.6999999992938
2829.000000001626
3849.80000000534
5176.400000010166
6281.200000014185
6776.600000015988
6892.000000016407
7980.3000000203665
8601.30000001518
8786.700000012483
8907.300000010728
9670.099999999627
9768.799999998191
648.9000000000576
1486.199999999296
1691.0999999991095
2382.1000000000004
2973.800000002153
3858.800000005373
5166.700000010131
5500.600000011345
6280.000000014181
6918.100000016502
7275.900000017804
7981.000000020369
8602.00000001517
8687.30000001393
8903.00000001079
9660.699999999764
9762.59999999828
2985.2000000021944
5047.100000009696
6279.70000001418
6920.700000016512
7985.800000020386
8613.300000015006
8905.700000010751
9662.699999999735
9780.299999998024
199.70000000011115
615.4000000000881
739.799999999975
1482.5999999992994
1660.3999999991377
1777.4999999990312
2058.999999998825
2378.199999999986
2972.9000000021497
3043.900000002408
3853.100000005352
4089.500000006212
4299.500000006976
5034.50000000965
5166.40000001013
5336.000000010747
5492.900000011317
6272.800000014155
6407.200000014644
6768.1000000159565
6878.800000016359
7276.700000017807
7442.000000018408
7978.700000020361
8173.300000021069
8600.60000001519
8770.800000012714
8900.600000010825
9643.80000000001
9755.79999999838
8624.400000014844
6880.200000016364
8616.300000014962
8902.200000010802
9943.599999995648
197.10000000011053
672.8000000000359
1485.3999999992968
1673.8999999991254
1848.999999998966
2064.199999998844
2379.099999999989
2969.200000002136
3845.700000005325
4300.300000006979
5004.000000009539
5165.700000010127
5338.300000010755
6274.100000014159
6769.500000015962
6874.800000016345
6922.100000016517
7292.0000000178625
7976.200000020352
8174.500000021073
8604.000000015141
8771.600000012702
8898.20000001086
9648.399999999943
9759.499999998328
9891.099999996411
645.4000000000608
6290.80000001422
6918.000000016502
7986.600000020389
8614.200000014993
8902.600000010796
8627.4000000148
8901.500000010812
9942.299999995666
2971.400000002144
6887.400000016391
7947.400000020247
8613.500000015003
8899.60000001084
9940.299999995696
188.30000000010853
627.1000000000774
873.7999999998531
981.9999999997548
1392.499999999381
1483.999999999298
1606.7999999991864
1783.9999999990252
2056.599999998816
2377.499999999984
2962.7000000021126
3039.500000002392
3193.0000000029504
3841.000000005308
4080.1000000061777
4295.800000006962
4991.400000009493
5157.3000000100965
5334.000000010739
5473.600000011247
5582.0000000116415
5783.400000012374
6028.900000013267
6174.000000013795
6273.100000014156
6411.60000001466
6789.300000016034
6866.300000016314
6919.800000016508
7265.700000017767
7440.400000018402
7815.300000019766
7964.100000020308
8167.700000021048
8600.100000015198
8803.40000001224
8886.000000011038
9104.800000007854
9582.900000000896
9659.799999999776
9756.799999998366
7984.7000000203825
8902.900000010792
2982.5000000021846
7958.200000020286
9942.69999999566
6285.800000014202
5198.900000010248
9664.39999999971
1488.499999999294
1775.1999999990333
2070.3999999988664
2385.600000000013
2971.900000002146
3856.300000005364
4332.200000007095
5170.000000010143
5339.60000001076
5626.700000011804
6276.700000014169
6871.500000016333
6923.300000016521
7452.800000018447
7982.300000020374
8603.300000015151
8900.600000010825
9665.299999999696
9768.0999999982
196.4000000001104
945.6999999997876
1396.3999999993778
1485.9999999992965
2034.2999999987976
2378.4999999999877
2966.700000002127
3194.500000002956
3846.300000005327
4020.10000000596
4298.300000006972
4989.200000009485
5168.700000010138
5336.90000001075
6019.000000013231
6273.900000014159
6409.600000014652
6868.800000016323
6920.20000001651
7271.200000017787
7443.000000018412
7970.20000002033
8171.500000021062
8601.000000015185
8900.400000010828
9657.099999999817
9764.299999998257
200.8000000001114
616.1000000000874
1482.6999999992993
1850.299999998965
2062.4999999988377
2379.19999999999
2607.40000000082
2847.700000001694
2975.0000000021573
3848.200000005334
4307.700000007006
5035.600000009654
5165.900000010128
5337.500000010752
5501.300000011348
6273.800000014158
6410.500000014656
6775.200000015982
6869.400000016325
7277.300000017809
7444.600000018418
7976.900000020354
8177.200000021083
8599.100000015213
8899.200000010846
9655.699999999835
9758.299999998344
9902.89999999624
1489.699999999293
5174.400000010159
6279.500000014179
6876.900000016352
8611.900000015026
9656.79999999982
9783.29999999798
6282.700000014191
6924.5000000165255
8617.20000001495
8906.600000010738
9680.29999999948
2983.700000002189
6281.500000014186
6882.400000016372
8622.400000014874
9769.59999999818
2971.5000000021446
6288.800000014213
6880.800000016367
7980.3000000203665
8610.500000015047
8902.500000010798
9795.6999999978
1486.4999999992958
2067.0999999988544
2379.499999999991
3873.800000005427
4326.700000007075
5176.600000010167
5340.000000010761
6277.800000014173
6878.800000016359
8612.30000001502
8897.700000010867
9660.699999999764
9776.299999998082
9898.199999996308
614.8000000000886
1487.399999999295
2601.600000000799
2852.500000001712
3866.700000005401
5169.900000010142
6278.600000014176
6612.600000015391
6776.000000015985
6881.000000016367
7977.500000020356
8601.100000015183
8781.200000012563
8902.600000010796
9660.699999999764
9769.59999999818
5186.000000010201
5345.10000001078
6280.600000014183
8613.700000015
9945.39999999562
1507.4999999992767
6285.700000014202
6921.500000016515
8617.300000014948
8904.40000001077
9778.599999998049
2610.600000000832
6284.100000014196
6631.70000001546
7978.50000002036
8602.70000001516
9656.299999999828
9785.099999997954
1488.499999999294
2077.399999998892
2382.9000000000037
2971.600000002145
4318.800000007046
5041.000000009673
5181.5000000101845
5338.400000010755
6277.800000014173
6878.700000016359
7270.800000017785
7980.3000000203665
8606.10000001511
8898.400000010857
9661.499999999753
9764.999999998246
191.1000000001092
614.400000000089
1390.599999999383
1482.899999999299
1652.8999999991445
1855.89999999896
2048.299999998786
2377.3999999999837
2621.000000000869
2830.900000001633
2971.0000000021428
3192.5000000029486
3846.700000005329
4085.000000006196
4295.800000006962
4586.50000000802
4847.500000008969
5035.400000009653
5160.6000000101085
5334.700000010742
5486.600000011295
6166.300000013767
6272.500000014154
6407.400000014644
6628.000000015447
6788.20000001603
6871.100000016331
6920.000000016509
7266.50000001777
7440.600000018403
7826.300000019806
7975.70000002035
8169.400000021054
8578.60000001551
8624.00000001485
8896.80000001088
9095.40000000799
9642.700000000026
9756.799999998366
9886.599999996475
6921.2000000165135
8610.000000015054
8612.30000001502
616.5000000000871
2603.800000000807
6282.000000014188
6613.100000015393
6883.400000016376
7988.200000020395
8601.200000015182
9680.699999999471
9782.399999997991
195.6000000001102
1483.5999999992985
2069.199999998862
2378.099999999986
2972.9000000021497
3197.2000000029657
4297.300000006968
5036.400000009657
5158.100000010099
5335.7000000107455
6272.900000014155
6875.200000016346
7268.500000017777
7441.000000018404
8170.000000021057
8602.800000015159
8899.800000010837
9658.599999999797
9770.399999998168
1492.0999999992907
2070.799999998868
5191.000000010219
5346.900000010786
6278.200000014174
6896.400000016423
8615.10000001498
8902.700000010795
9674.499999999563
8621.800000014882
8624.200000014847
1489.599999999293
5195.100000010234
6280.100000014181
6893.200000016412
7995.200000020421
8616.100000014965
8906.40000001074
9664.599999999708
9769.49999999818
6286.400000014204
8606.000000015112
9660.399999999769
628.700000000076
8602.500000015163
9779.699999998033
5191.20000001022
6281.500000014186
6878.600000016359
8612.600000015016
8905.80000001075
9662.39999999974
9767.899999998204
