588.4000000001126
654.7000000000523
736.499999999978
980.2999999997562
1598.8999999991936
1685.199999999115
1770.6999999990371
1846.699999998968
2582.3000000007287
2851.800000001709
2968.600000002134
3712.40000000484
3774.7000000050666
3919.200000005592
4585.200000008015
4783.700000008737
4981.300000009456
5586.600000011658
5680.700000012001
6591.000000015312
6746.200000015877
6864.700000016308
6964.30000001667
7581.600000018916
7753.8000000195425
7808.20000001974
7952.100000020264
8597.700000015233
8618.300000014933
8795.900000012349
8891.600000010956
9579.700000000945
9649.699999999924
9744.79999999854
9774.099999998114
9835.799999997216
9900.899999996269
590.8000000001105
669.6000000000388
732.8999999999812
1598.399999999194
1649.3999999991477
1767.69999999904
1846.4999999989684
2582.000000000728
2731.800000001273
2973.200000002151
3712.100000004839
3795.000000005141
3922.200000005603
4588.200000008026
4780.400000008725
5589.400000011668
5677.600000011989
6592.900000015319
6744.100000015869
6870.000000016327
6919.500000016507
7584.700000018927
7753.00000001954
7815.700000019768
7979.600000020364
8598.100000015227
8614.600000014987
8763.800000012816
8891.30000001096
9581.700000000914
9645.999999999978
9743.699999998556
9772.39999999814
9860.099999996864
603.9000000000985
731.6999999999823
886.6999999998413
1600.799999999192
1766.9999999990407
1856.4999999989595
2585.100000000739
2733.4000000012784
2972.500000002148
3729.400000004902
3935.700000005652
4593.700000008046
4793.000000008771
5591.200000011675
6602.100000015353
6745.200000015873
6871.400000016332
6922.700000016519
7588.400000018941
7749.200000019526
7814.200000019762
7960.5000000202945
8599.800000015202
8621.000000014894
8891.200000010962
9584.200000000876
9649.599999999926
9744.09999999855
9780.399999998022
9886.799999996474
581.8000000001186
629.4000000000754
732.4999999999816
1597.8999999991945
1614.6999999991792
1765.8999999990417
1852.499999998963
2581.600000000726
2731.2000000012704
2850.2000000017038
2972.3000000021475
3606.600000004455
3721.500000004873
4583.80000000801
4783.400000008736
5003.400000009537
5580.400000011636
5611.100000011747
5777.7000000123535
6590.30000001531
6744.700000015871
6845.400000016238
6919.200000016506
7574.200000018889
7752.000000019536
7810.90000001975
7977.700000020357
8595.500000015265
8611.60000001503
8692.500000013853
8812.000000012114
8893.200000010933
9577.90000000097
9641.300000000048
9743.799999998557
9765.899999998232
9866.799999996763
605.4000000000972
732.4999999999816
886.7999999998412
1601.5999999991911
1691.3999999991097
1762.199999999045
1854.599999998961
2584.4000000007363
2970.20000000214
3720.60000000487
3768.3000000050433
4590.700000008035
4796.900000008785
5594.400000011687
5687.700000012026
5779.700000012361
6600.900000015348
6743.700000015868
6871.200000016332
6961.200000016659
7740.900000019496
7754.700000019546
7976.400000020352
8599.600000015205
8624.300000014846
8891.200000010962
9584.300000000876
9657.49999999981
9743.199999998564
9760.699999998307
9864.099999996804
582.9000000001176
621.8000000000823
732.1999999999819
1601.699999999191
1650.5999999991466
1768.0999999990397
1855.79999999896
2581.2000000007247
2853.000000001713
3721.500000004873
4583.300000008008
4785.700000008745
5592.800000011681
5617.40000001177
6592.300000015317
6742.500000015863
6860.400000016292
6923.900000016523
7587.800000018939
7753.10000001954
7815.500000019767
7978.200000020359
8597.700000015233
8616.800000014955
8691.40000001387
8894.400000010915
9582.400000000904
9644.999999999993
9743.999999998552
9776.49999999808
9886.599999996475
594.7000000001069
642.1000000000638
730.5999999999833
945.8999999997876
1599.8999999991927
1658.1999999991397
1766.4999999990412
1852.9999999989625
2582.5000000007294
2733.5000000012787
2969.3000000021366
3715.9000000048527
3776.100000005072
4587.600000008024
4763.200000008663
4990.800000009491
5587.400000011661
5674.200000011977
6593.900000015323
6611.500000015387
6744.100000015869
6868.900000016323
6922.000000016516
7580.100000018911
7752.900000019539
7813.900000019761
7966.200000020315
8598.000000015229
8613.600000015002
8692.400000013855
8810.700000012133
8895.5000000109
9581.900000000913
9646.899999999963
9744.89999999854
9768.699999998193
9859.499999996871
9959.499999995416
604.7000000000978
728.2999999999854
906.3999999998234
1601.4999999991912
1692.1999999991087
1767.2999999990404
1864.699999998952
2585.5000000007403
2730.000000001266
2978.200000002169
3721.6000000048734
3769.900000005049
4591.200000008037
4786.000000008746
5598.0000000117
5769.100000012322
6599.200000015342
6742.500000015863
6871.700000016333
6923.500000016522
7591.00000001895
7751.6000000195345
7817.300000019773
7988.900000020398
8599.30000001521
8615.500000014974
8804.900000012218
8894.000000010921
9584.300000000876
9658.399999999798
9744.299999998548
9774.899999998102
9888.199999996454
594.5000000001071
735.8999999999785
905.899999999824
1601.0999999991916
1686.5999999991138
1765.0999999990424
1856.09999999896
2582.70000000073
2974.300000002155
3722.5000000048767
3767.000000005039
4587.900000008025
4785.000000008742
5005.000000009542
5590.400000011672
5682.000000012005
6594.800000015326
6746.700000015879
6868.900000016323
6922.000000016516
7584.900000018928
7752.300000019537
7978.200000020359
8598.100000015227
8689.900000013891
8891.100000010963
9583.100000000892
9648.399999999943
9744.89999999854
9765.299999998242
9876.09999999663
583.4000000001172
622.7000000000814
727.3999999999862
929.3999999998024
1597.5999999991948
1653.8999999991436
1767.4999999990405
1849.199999998966
2581.600000000726
2729.400000001264
2952.600000002076
3711.900000004838
3769.000000005046
3919.8000000055945
4585.100000008015
4758.000000008644
4989.000000009484
5586.000000011656
5677.200000011988
6591.900000015316
6610.900000015385
6740.900000015858
6870.70000001633
6918.600000016504
7581.000000018914
7753.20000001954
7804.100000019725
7976.100000020351
8597.20000001524
8615.300000014977
8765.400000012793
8893.800000010924
9579.90000000094
9647.399999999958
9743.099999998563
9770.99999999816
9866.199999996774
604.7000000000978
735.299999999979
891.2999999998372
1603.999999999189
1681.999999999118
1766.2999999990411
2586.3000000007432
3739.100000004937
4592.10000000804
4791.800000008767
5596.700000011695
5684.800000012016
6601.50000001535
6749.100000015887
6872.800000016337
7593.70000001896
7752.800000019539
7823.600000019796
7980.200000020366
8600.0000000152
8615.200000014978
8890.400000010974
9585.40000000086
9649.99999999992
9745.199999998536
9780.299999998024
9890.199999996425
583.4000000001172
610.3000000000927
729.0999999999847
875.7999999998513
1598.0999999991943
1650.9999999991462
1764.8999999990426
1846.5999999989683
2581.2000000007247
2628.700000000897
2734.8000000012835
2847.2000000016924
2968.7000000021344
3708.100000004824
3762.900000005024
3880.400000005451
4583.9000000080105
4599.900000008069
4776.30000000871
4985.20000000947
5586.4000000116575
5674.300000011977
5778.500000012356
5952.000000012988
6591.100000015313
6607.100000015371
6723.300000015794
6769.400000015961
6863.600000016304
6920.20000001651
7579.000000018907
7749.500000019527
7809.200000019744
7942.90000002023
8595.600000015264
8607.800000015086
8688.700000013909
8790.30000001243
8891.100000010963
9579.90000000094
9646.299999999974
9742.999999998568
9766.399999998226
9842.49999999712
9891.099999996411
607.5000000000953
734.4999999999798
1600.499999999192
1694.4999999991066
1775.9999999990323
1864.0999999989524
2585.8000000007414
3739.100000004937
4592.10000000804
4789.90000000876
5596.800000011695
6602.000000015352
6747.700000015882
6874.100000016342
6924.900000016527
7595.900000018968
7755.300000019548
8599.700000015204
8641.800000014591
8781.300000012561
8894.500000010914
9584.800000000869
9656.599999999824
9745.599999998529
9782.999999997985
9887.69999999646
588.2000000001128
643.9000000000622
730.4999999999834
924.5999999998068
1597.6999999991947
1680.999999999119
1769.1999999990387
1850.6999999989648
2582.100000000728
2729.700000001265
2944.2000000020453
3600.9000000044343
3710.300000004832
3767.8000000050415
4586.300000008019
4760.300000008652
5583.1000000116455
5674.700000011979
6591.700000015315
6629.100000015451
6742.400000015863
6870.500000016329
6934.4000000165615
7576.600000018898
7738.500000019487
7802.000000019718
7968.000000020322
8597.300000015239
8618.700000014927
8693.200000013843
8807.600000012178
8893.800000010924
9578.60000000096
9647.29999999996
9744.09999999855
9770.499999998166
9862.39999999683
610.2000000000928
736.9999999999775
1605.2999999991878
1772.8999999990351
2588.8000000007523
3755.7000000049975
4593.100000008044
5602.400000011716
6604.400000015361
6759.800000015926
6922.800000016519
7801.600000019716
8600.0000000152
8899.100000010847
9594.30000000073
9678.999999999498
9750.199999998462
604.3000000000982
729.0999999999847
950.3999999997834
1599.7999999991928
1660.3999999991377
1766.0999999990415
1845.9999999989689
2583.6000000007334
2674.700000001065
2970.30000000214
3707.8000000048232
3767.000000005039
4588.400000008027
4749.600000008613
5591.200000011675
5677.100000011988
5784.90000001238
6597.400000015336
6728.700000015813
6763.50000001594
6869.700000016326
6918.900000016505
7586.900000018935
7752.300000019537
7815.900000019768
7970.100000020329
8598.400000015223
8616.100000014965
8723.6000000134
8892.600000010942
9582.800000000898
9647.89999999995
9744.09999999855
9768.499999998196
9854.79999999694
601.4000000001008
731.6999999999823
1597.1999999991951
1689.8999999991108
1769.0999999990388
1862.6999999989537
2582.70000000073
2970.6000000021413
3597.7000000044227
3713.600000004844
3768.1000000050426
4590.200000008033
4795.40000000878
5586.4000000116575
5683.000000012009
5780.300000012363
6600.600000015347
6747.800000015883
6870.400000016329
6943.400000016594
7581.100000018914
7754.500000019545
7825.100000019802
7986.600000020389
8599.400000015208
8618.600000014929
8896.400000010886
9579.800000000942
9647.999999999947
9745.399999998532
9768.599999998194
9887.499999996464
584.6000000001161
610.6000000000925
728.799999999985
1597.6999999991947
1645.3999999991513
1762.299999999045
1845.9999999989689
2581.500000000726
2677.000000001073
2848.200000001696
2969.5000000021373
3622.600000004513
3711.400000004836
3761.80000000502
3874.7000000054304
4584.600000008013
4645.500000008235
4747.400000008605
4989.700000009487
5586.300000011657
5664.900000011943
5767.600000012317
6589.900000015308
6608.800000015377
6721.100000015786
6763.400000015939
6865.600000016311
6921.400000016514
7581.300000018915
7736.900000019481
7798.700000019706
7965.800000020314
8594.200000015284
8602.400000015165
8619.100000014922
8724.700000013385
8816.100000012055
8895.100000010905
9579.800000000942
9643.500000000016
9741.799999998584
9758.49999999834
9838.19999999718
9903.499999996233
587.0000000001139
631.6000000000734
731.7999999999822
1599.6999999991929
1616.8999999991772
1695.9999999991053
1765.699999999042
1849.9999999989648
2582.000000000728
2729.500000001264
2979.600000002174
3703.700000004808
3760.800000005016
4586.000000008018
4752.600000008624
5590.000000011671
5668.500000011956
5770.800000012328
6590.50000001531
6619.900000015417
6740.6000000158565
6871.400000016332
6963.100000016666
7585.800000018931
7749.600000019527
7811.8000000197535
7979.300000020363
8597.000000015243
8612.800000015013
8695.000000013817
8807.200000012184
8896.700000010882
9582.300000000903
9645.699999999984
9744.09999999855
9759.399999998328
9858.099999996892
593.2000000001083
605.7000000000969
734.0999999999801
1598.7999999991937
1645.9999999991508
1766.799999999041
1850.099999998965
2582.70000000073
2599.400000000791
2972.9000000021497
3710.500000004833
3769.500000005048
4587.900000008025
4603.200000008081
4784.30000000874
5589.200000011668
5655.600000011909
6594.100000015324
6605.700000015366
6746.400000015878
6869.400000016325
6950.300000016619
7583.800000018924
7753.00000001954
7815.800000019768
7975.80000002035
8597.400000015237
8612.200000015022
8777.30000001262
8896.000000010892
9581.700000000914
9644.000000000007
9744.79999999854
9770.699999998164
9861.399999996844
603.2000000000992
741.5999999999733
992.0999999997456
1597.0999999991952
1770.5999999990374
2584.800000000738
2970.800000002142
3596.100000004417
3728.0000000048967
4591.100000008037
5582.500000011643
6601.600000015351
6763.900000015941
6870.300000016328
6952.600000016628
7576.900000018899
7799.100000019707
7976.600000020353
8599.800000015202
8620.100000014907
8895.4000000109
9577.700000000972
9663.299999999726
9750.599999998456
9778.999999998045
586.5000000001144
646.2000000000601
733.9999999999802
1601.1999999991915
1682.3999999991177
1762.199999999045
1859.399999998957
2582.3000000007287
3717.7000000048592
3765.100000005032
4587.000000008022
4781.300000008729
5590.100000011671
5676.400000011985
5765.300000012308
6596.200000015331
6700.500000015711
6761.300000015932
6871.400000016332
7584.600000018927
7752.900000019539
7821.400000019788
7979.900000020365
8598.900000015215
8624.300000014846
8689.200000013901
8893.200000010933
9582.7000000009
9648.499999999942
9746.29999999852
9764.299999998257
9887.79999999646
604.0000000000985
732.7999999999813
897.4999999998315
1601.799999999191
1680.0999999991195
1770.6999999990371
1864.599999998952
2584.5000000007367
2628.200000000896
2969.8000000021384
3724.000000004882
3926.1000000056174
4591.700000008039
4796.600000008784
5593.600000011684
5680.700000012001
6600.700000015348
6631.900000015461
6744.900000015872
6871.200000016332
6943.900000016596
7590.90000001895
7751.400000019534
7976.600000020353
8599.30000001521
8613.300000015006
8890.70000001097
9584.00000000088
9648.799999999936
9743.39999999856
9779.799999998031
9886.999999996471
592.1000000001093
614.3000000000891
729.3999999999844
885.2999999998426
1598.1999999991942
1689.9999999991107
1769.7999999990382
1854.1999999989612
2582.400000000729
2629.5000000009004
2866.200000001761
2973.00000000215
3721.300000004872
3883.3000000054617
4587.400000008023
4783.200000008736
4989.500000009486
5588.700000011666
5682.700000012008
5935.400000012927
6594.200000015324
6610.200000015382
6745.900000015876
6868.200000016321
6922.200000016517
7583.900000018924
7753.700000019542
7813.60000001976
7940.500000020222
8598.300000015224
8613.600000015002
8792.500000012398
8889.700000010984
9582.400000000904
9658.499999999796
9745.599999998529
9778.899999998044
9863.799999996809
9950.399999995549
587.0000000001139
610.6000000000925
728.4999999999852
909.3999999998208
1595.7999999991964
1646.79999999915
1765.499999999042
1848.6999999989664
2582.000000000728
2629.3000000009
2731.400000001271
2942.6000000020395
3590.400000004396
3709.70000000483
3768.9000000050455
3904.600000005539
4585.900000008018
4779.600000008722
4988.300000009482
5581.200000011639
5601.800000011714
5681.300000012003
5779.200000012359
5915.700000012856
6590.000000015309
6614.000000015396
6741.800000015861
6866.300000016314
6917.5000000165
7576.400000018897
7606.700000019007
7751.500000019534
7811.200000019751
7959.100000020289
8594.50000001528
8605.000000015127
8691.40000001387
8812.200000012112
8894.10000001092
9578.000000000968
9642.700000000026
9743.599999998558
9768.499999998196
9860.99999999685
9898.599999996302
599.000000000103
727.7999999999859
1599.7999999991928
1687.8999999991129
1769.2999999990386
1847.8999999989671
2583.4000000007327
2732.0000000012733
2960.900000002106
3712.50000000484
3867.400000005404
4589.30000000803
4783.500000008737
4995.500000009508
5591.700000011677
5683.600000012011
5931.400000012913
6596.300000015332
6744.900000015872
6869.100000016324
6919.200000016506
7588.20000001894
7753.10000001954
7815.500000019767
7940.00000002022
8598.500000015221
8618.400000014932
8777.600000012615
8891.900000010952
9582.500000000902
9650.09999999992
9673.799999999574
9746.89999999851
9779.799999998031
9861.199999996848
9938.59999999572
589.5000000001116
652.1000000000547
731.2999999999827
866.4999999998597
981.1999999997554
1598.599999999194
1658.4999999991394
1765.7999999990418
1845.2999999989693
1934.699999998888
2582.000000000728
2732.1000000012737
2851.900000001709
2962.1000000021104
3706.2000000048174
3765.0000000050313
3855.600000005361
3935.600000005652
4586.300000008019
4745.800000008599
4976.400000009438
5587.900000011663
5676.600000011986
5869.900000012689
5941.100000012948
6593.10000001532
6633.700000015468
6742.900000015865
6861.200000016295
6918.400000016503
7582.300000018919
7741.900000019499
7801.400000019716
7883.0000000200125
7939.100000020217
8597.90000001523
8619.100000014922
8690.300000013885
8766.600000012775
8885.20000001105
8899.500000010841
9580.800000000929
9646.49999999997
9741.99999999858
9763.099999998274
9841.499999997131
9897.29999999632
9936.899999995743
610.1000000000929
735.299999999979
1602.4999999991903
1773.299999999035
1861.6999999989544
2587.2000000007465
3735.600000004925
4593.900000008047
4785.500000008744
5600.100000011707
6605.200000015364
6747.00000001588
6904.600000016453
7594.500000018963
7756.200000019551
7826.100000019805
8600.200000015197
8642.200000014585
8779.500000012587
8896.20000001089
9585.200000000865
9658.399999999798
9747.799999998497
9784.69999999796
9889.899999996427
600.4000000001017
742.0999999999729
1596.999999999195
1769.899999999038
2584.200000000736
2971.100000002143
3601.8000000044376
3755.900000004998
4591.300000008037
4990.60000000949
5585.700000011655
6599.400000015343
6751.700000015897
6869.100000016324
6962.500000016664
7580.9000000189135
7783.100000019649
8599.000000015214
8655.500000014392
8895.4000000109
9581.30000000092
9661.399999999754
9749.099999998478
9774.299999998111
571.7000000001278
614.8000000000886
735.9999999999784
870.6999999998559
1010.5999999997288
1599.499999999193
1693.4999999991076
1773.6999999990346
1857.0999999989588
2578.4000000007145
2858.600000001734
2974.2000000021544
3737.400000004931
4568.600000007955
4593.700000008046
4792.200000008768
4990.400000009489
5589.600000011669
5621.600000011786
6569.700000015235
6606.400000015368
6746.900000015879
6858.300000016285
6951.7000000166245
7584.000000018925
7755.400000019548
7864.300000019944
7976.500000020353
8577.30000001553
8601.100000015183
8891.500000010958
9582.300000000903
9655.999999999833
9746.499999998516
9780.299999998024
9885.799999996489
596.6000000001052
730.1999999999837
1598.599999999194
1656.4999999991412
1765.699999999042
1848.7999999989663
2583.200000000732
2730.1000000012664
2865.200000001758
3711.5000000048367
3767.100000005039
3919.5000000055934
4589.500000008031
4745.400000008598
4801.700000008803
5591.800000011677
5671.800000011968
5778.400000012356
6595.90000001533
6721.300000015786
6750.5000000158925
6866.000000016313
6928.800000016541
7586.600000018934
7751.400000019534
7802.70000001972
8598.700000015218
8616.700000014956
8758.70000001289
8893.600000010927
9582.900000000896
9648.099999999948
9744.09999999855
9769.699999998178
9858.299999996889
592.400000000109
616.4000000000872
727.1999999999864
1598.0999999991943
1646.3999999991504
1757.2999999990495
1846.0999999989688
2582.8000000007305
2629.2000000008998
2728.0000000012587
3668.200000004679
3729.300000004901
3762.3000000050215
4589.30000000803
4740.6000000085805
4833.700000008919
5588.100000011664
5663.800000011939
5753.300000012265
6592.300000015317
6609.70000001538
6715.900000015767
6749.600000015889
6865.500000016311
6951.500000016624
7583.1000000189215
7724.100000019434
7755.500000019549
7810.80000001975
7976.800000020354
8597.600000015234
8614.300000014991
8691.40000001387
8801.600000012266
8896.10000001089
9581.400000000918
9644.899999999994
9742.299999998577
9754.599999998398
9851.199999996992
588.1000000001129
613.7000000000896
728.699999999985
888.9999999998392
1598.1999999991942
1645.0999999991516
1758.5999999990484
1846.899999998968
2581.9000000007272
2628.800000000898
2728.8000000012617
2968.900000002135
3670.300000004687
3746.1000000049626
3766.800000005038
3907.60000000555
4585.800000008017
4750.300000008616
4988.400000009482
5587.00000001166
5664.400000011941
5755.800000012274
6591.500000015314
6614.700000015399
6714.00000001576
6767.900000015956
6870.80000001633
6921.300000016514
7580.9000000189135
7725.900000019441
7765.500000019585
7815.500000019767
7960.200000020293
8596.600000015249
8613.100000015009
8687.700000013923
8889.400000010988
9580.00000000094
9644.100000000006
9742.79999999857
9755.999999998376
9856.699999996912
9952.99999999551
602.0000000001003
731.4999999999825
1604.999999999188
1648.6999999991483
1766.3999999990413
2588.0000000007494
3667.5000000046766
3762.400000005022
4592.10000000804
4784.200000008739
5603.400000011719
5663.400000011938
6599.200000015342
6748.700000015886
6881.100000016368
7754.900000019546
7977.700000020357
8599.000000015214
8615.300000014977
8771.500000012704
8900.600000010825
9594.30000000073
9647.399999999958
9747.699999998498
9777.79999999806
9894.59999999636
581.8000000001186
609.3000000000936
730.6999999999832
882.0999999998455
981.8999999997548
1595.5999999991966
1684.199999999116
1770.4999999990375
1861.7999999989545
2581.9000000007272
2738.1000000012955
2963.8000000021166
3589.300000004392
3708.7000000048265
3778.2000000050793
4584.900000008014
4600.100000008069
4786.000000008746
4980.900000009455
5579.000000011631
5603.000000011718
5688.90000001203
6592.500000015318
6612.700000015391
6746.400000015878
6864.900000016309
6921.000000016513
7573.300000018886
7594.600000018963
7752.400000019537
7814.200000019762
7972.100000020337
8596.600000015249
8613.700000015
8891.800000010953
9575.500000001004
9647.19999999996
9744.999999998538
9772.899999998132
9886.599999996475
599.1000000001029
734.5999999999797
1600.8999999991918
1657.4999999991403
1764.0999999990431
1864.999999998952
2584.7000000007374
2970.1000000021395
3683.500000004735
3761.600000005019
4590.800000008036
4789.200000008757
4987.000000009477
5595.900000011692
5676.300000011985
6598.000000015338
6747.2000000158805
6868.00000001632
6924.000000016524
7590.90000001895
7753.900000019543
7820.6000000197855
7975.500000020349
8598.700000015218
8630.400000014757
8815.500000012064
8894.700000010911
9583.900000000882
9646.59999999997
9744.599999998543
9767.299999998211
9887.09999999647
593.500000000108
630.6000000000743
728.9999999999848
1599.2999999991932
1652.7999999991446
1761.299999999046
1848.1999999989669
2582.70000000073
2632.700000000912
2728.7000000012613
3679.800000004722
3747.000000004966
4588.500000008027
4741.200000008583
5589.100000011667
5665.200000011944
5752.400000012261
6594.700000015326
6631.100000015458
6732.200000015826
6751.700000015897
6871.700000016333
6951.500000016624
7583.600000018923
7741.800000019499
7753.900000019543
7813.800000019761
8001.300000020443
8598.500000015221
8614.40000001499
8728.000000013337
8893.500000010928
9581.400000000918
9647.699999999952
9666.099999999686
9745.099999998536
9759.89999999832
9861.59999999684
584.9000000001158
733.2999999999809
1600.8999999991918
1694.8999999991065
1766.9999999990407
1846.799999998968
2581.600000000726
3737.400000004931
3881.200000005454
4583.200000008008
4786.700000008748
5591.800000011677
5684.400000012014
5787.6000000123895
6592.300000015317
6745.800000015875
6863.300000016303
7585.800000018931
7754.200000019544
7812.800000019757
7969.200000020326
8593.900000015288
8606.10000001511
8774.000000012667
8893.800000010924
9583.000000000897
9660.399999999769
9746.799999998511
9760.899999998306
9854.199999996948
578.8000000001214
601.7000000001005
728.3999999999853
874.6999999998523
1003.0999999997356
1593.899999999198
1653.499999999144
1765.7999999990418
1849.4999999989657
2581.1000000007243
2628.1000000008958
2736.100000001288
2875.600000001796
2963.2000000021144
3584.5000000043747
3711.600000004837
3767.8000000050415
3915.80000000558
4583.600000008009
4595.800000008054
4781.300000008729
4981.100000009456
5575.200000011617
5599.600000011706
5680.700000012001
5777.500000012353
5929.100000012904
6589.500000015307
6607.0000000153705
6744.700000015871
6862.6000000163
6920.1000000165095
7571.400000018879
7597.700000018975
7751.900000019536
7811.200000019751
7935.600000020204
7983.400000020378
8591.200000015328
8599.200000015211
8686.400000013942
8802.600000012251
8890.00000001098
9574.700000001016
9632.400000000176
9742.79999999857
9766.999999998216
9859.699999996868
9951.399999995534
604.2000000000983
730.4999999999834
1601.5999999991911
1666.0999999991325
1764.0999999990431
1855.2999999989604
2583.200000000732
2733.7000000012795
2852.10000000171
3713.500000004844
3766.300000005036
4590.100000008033
4781.300000008729
5595.20000001169
5677.000000011987
5777.500000012353
6599.800000015344
6746.1000000158765
6863.900000016305
6927.100000016535
7592.500000018956
7753.700000019542
7815.400000019767
7978.1000000203585
8599.100000015213
8622.900000014866
8724.30000001339
8893.000000010936
9583.40000000089
9647.29999999996
9746.499999998516
9764.499999998254
9886.699999996476
600.7000000001015
738.4999999999761
1602.099999999191
1647.2999999991496
1771.9999999990362
1873.299999998944
2583.700000000734
2974.700000002156
3744.200000004956
4590.400000008034
4795.900000008782
5601.400000011712
5680.400000012
6599.500000015343
6750.700000015893
6876.500000016351
7600.300000018984
7756.200000019551
7979.900000020365
8599.100000015213
8614.40000001499
8897.900000010864
9583.40000000089
9645.599999999984
9746.499999998516
9780.399999998022
9888.999999996442
571.9000000001276
623.8000000000804
741.0999999999738
876.4999999998506
1598.8999999991936
1692.1999999991087
1772.3999999990358
1866.59999999895
2578.4000000007145
2830.600000001632
3741.600000004946
3989.800000005849
4572.70000000797
4592.900000008043
4784.30000000874
4991.500000009493
5588.300000011664
6572.300000015244
6607.100000015371
6748.000000015883
6856.600000016279
6922.100000016517
7579.800000018909
7754.200000019544
7814.600000019764
7974.700000020346
8577.900000015521
8601.30000001518
8698.20000001377
8890.300000010975
9580.500000000931
9657.49999999981
9746.19999999852
9784.299999997966
9888.299999996452
601.3000000001009
734.29999999998
1601.399999999191
1646.1999999991506
1766.4999999990412
1858.0999999989576
2583.9000000007345
2980.200000002176
3674.4000000047017
3759.600000005012
4589.20000000803
4783.200000008736
5593.000000011682
5656.700000011913
6598.300000015339
6747.00000001588
6872.300000016336
7588.500000018941
7754.700000019546
7853.600000019906
8599.200000015211
8616.100000014965
8784.400000012516
8899.000000010848
9582.800000000898
9644.4
9745.899999998524
9773.799999998118
9881.999999996544
603.5000000000989
733.2999999999809
1602.5999999991902
1662.099999999136
1769.4999999990384
1848.2999999989668
2584.000000000735
3714.700000004848
4590.000000008033
4783.300000008736
5595.500000011691
5678.000000011991
6599.800000015344
6746.900000015879
6869.800000016327
7593.80000001896
7754.400000019545
7815.800000019768
8599.500000015207
8649.50000001448
8813.200000012097
8893.40000001093
9584.500000000871
9647.699999999952
9745.599999998529
9781.899999998
9858.89999999688
597.4000000001045
627.1000000000774
728.9999999999848
1601.399999999191
1651.099999999146
1760.7999999990463
1854.8999999989608
2583.700000000734
2727.800000001258
3678.300000004716
3750.5000000049786
4590.800000008036
4747.600000008606
5590.700000011673
5666.400000011949
5758.500000012284
6596.00000001533
6713.300000015757
6767.700000015955
6876.700000016352
7585.800000018931
7726.400000019443
7800.900000019714
8599.000000015214
8621.30000001489
8691.000000013875
8896.300000010888
9583.40000000089
9646.49999999997
9743.099999998563
9758.49999999834
9888.799999996443
588.9000000001122
623.5000000000807
732.6999999999814
1598.1999999991942
1685.399999999115
1773.6999999990346
1868.699999998948
2583.4000000007327
2975.500000002159
3617.500000004495
3752.600000004986
4588.900000008029
4797.500000008788
5590.5000000116725
5608.200000011737
6595.100000015327
6746.900000015879
6890.1000000164
7588.400000018941
7761.200000019569
7974.700000020346
8598.400000015223
8622.500000014872
8897.200000010875
9583.700000000885
9647.499999999956
9747.199999998506
9778.49999999805
9891.299999996409
594.4000000001072
607.5000000000953
734.0999999999801
1600.599999999192
1646.4999999991503
1768.0999999990397
1848.1999999989669
2582.8000000007305
2600.4000000007945
2972.9000000021497
3678.300000004716
3760.700000005016
4588.700000008028
4777.400000008714
4985.00000000947
5592.000000011678
5656.800000011914
6595.000000015327
6608.000000015374
6746.900000015879
6867.700000016319
6949.300000016616
7587.800000018939
7753.600000019542
7816.30000001977
7976.000000020351
8597.600000015234
8615.500000014974
8779.400000012589
8893.900000010923
9583.100000000892
9645.399999999989
9745.49999999853
9773.499999998125
9860.499999996857
608.900000000094
740.9999999999739
906.3999999998234
1604.4999999991885
1686.8999999991136
1780.7999999990282
1859.099999998957
2587.000000000746
2971.0000000021428
3751.3000000049815
4593.900000008047
4791.900000008767
4990.70000000949
5600.100000011707
5683.30000001201
6605.900000015367
6750.300000015892
6867.200000016317
6932.100000016553
7792.900000019685
8600.500000015192
8891.100000010963
9590.300000000789
9654.899999999849
9749.799999998468
9843.999999997097
590.200000000111
625.0000000000794
731.0999999999829
1600.1999999991924
1645.8999999991509
1766.9999999990407
1848.399999998967
2583.0000000007312
2731.0000000012697
2971.100000002143
3710.100000004832
3786.5000000051095
4587.000000008022
4761.700000008657
4987.600000009479
5590.000000011671
5656.200000011912
6593.10000001532
6610.600000015384
6743.000000015865
6872.600000016337
7585.900000018932
7753.10000001954
7815.200000019766
7979.400000020363
8597.800000015231
8620.400000014903
8766.90000001277
8895.600000010898
9582.7000000009
9643.600000000011
9744.79999999854
9780.699999998018
9864.999999996791
590.4000000001108
640.0000000000657
730.7999999999831
1596.8999999991954
1654.499999999143
1766.699999999041
1846.2999999989688
2582.100000000728
2730.500000001268
2971.8000000021457
3697.4000000047854
3764.400000005029
3917.1000000055847
4586.50000000802
4780.500000008726
5587.900000011663
5609.400000011741
5676.700000011986
6593.600000015322
6740.400000015856
6867.600000016319
6920.30000001651
7586.300000018933
7745.200000019511
7810.300000019748
7969.200000020326
8597.500000015236
8617.300000014948
8693.000000013846
8817.400000012036
8895.800000010895
9582.400000000904
9646.099999999977
9742.399999998575
9768.999999998188
9843.499999997104
9903.399999996233
595.9000000001058
732.8999999999812
1600.9999999991917
1690.3999999991104
1770.6999999990371
1861.8999999989544
2583.3000000007323
3736.900000004929
4588.800000008028
5588.700000011666
5682.800000012008
6597.300000015335
6747.600000015882
6881.300000016368
7583.700000018924
7754.300000019544
7860.30000001993
8599.100000015213
8623.30000001486
8898.600000010854
9580.400000000933
9647.89999999995
9746.099999998522
9774.799999998104
9894.399999996363
581.8000000001186
621.3000000000827
729.5999999999842
1599.0999999991934
1644.0999999991525
1758.3999999990483
1845.1999999989696
2581.600000000726
2730.500000001268
2972.500000002148
3688.4000000047527
3753.000000004988
3850.800000005344
4585.200000008015
4745.100000008597
4988.900000009484
5588.300000011664
5665.400000011945
5755.000000012271
6591.100000015313
6637.00000001548
6740.200000015855
6866.200000016313
6958.000000016647
7581.400000018915
7748.200000019522
7808.00000001974
7976.100000020351
8596.800000015246
8613.300000015006
8692.10000001386
8799.700000012293
8897.100000010876
9580.60000000093
9641.000000000053
9743.099999998563
9756.799999998366
9843.299999997109
588.4000000001126
609.3000000000936
726.8999999999867
868.8999999998575
1597.7999999991946
1646.89999999915
1764.2999999990432
1846.199999998969
2581.600000000726
2674.1000000010627
2822.600000001603
2963.2000000021144
3605.1000000044496
3687.8000000047514
3755.400000004997
3877.40000000544
4585.500000008016
4655.1000000082695
4747.200000008605
4789.100000008757
4984.800000009469
5586.000000011656
5654.300000011905
5770.500000012327
6593.600000015322
6610.600000015384
6720.000000015782
6750.900000015894
6862.1000000162985
6920.700000016512
7581.100000018914
7741.200000019497
7754.300000019544
7823.200000019795
7973.400000020341
8597.600000015234
8614.900000014983
8686.800000013936
8763.800000012816
8890.800000010968
9580.100000000935
9645.999999999978
9743.199999998564
9766.699999998222
9851.99999999698
595.0000000001066
639.2000000000664
731.7999999999822
1602.099999999191
1661.5999999991366
1766.4999999990412
1860.499999998956
2583.9000000007345
2733.2000000012777
3713.500000004844
3768.800000005045
4590.200000008033
4791.700000008766
5594.600000011687
5675.500000011982
6596.200000015331
6640.600000015493
6746.600000015878
6871.900000016334
7591.300000018951
7754.000000019543
7814.600000019764
7995.800000020423
8598.800000015217
8623.200000014862
8895.700000010896
9584.00000000088
9648.199999999946
9745.299999998531
9764.499999998254
9887.599999996462
601.7000000001005
734.9999999999793
898.3999999998307
1602.4999999991903
1688.1999999991124
1850.6999999989648
2583.800000000734
3719.300000004865
4590.700000008035
4790.200000008761
5593.700000011684
5680.600000012
6599.500000015343
6745.500000015874
6870.200000016328
7589.900000018946
7755.700000019549
7967.50000002032
8599.100000015213
8640.600000014609
8891.500000010958
9584.00000000088
9658.89999999979
9746.999999998508
9782.199999997996
9890.799999996416
584.0000000001166
622.3000000000818
729.799999999984
883.0999999998446
988.9999999997484
1598.1999999991942
1652.399999999145
1762.399999999045
1846.4999999989684
2581.7000000007265
2672.9000000010583
2849.700000001701
2961.3000000021075
3673.200000004698
3746.3000000049633
3858.900000005373
3987.500000005841
4583.80000000801
4649.200000008248
4776.600000008712
4984.900000009469
5587.00000001166
5668.200000011955
5767.8000000123175
5953.500000012993
6593.20000001532
6607.800000015373
6706.000000015731
6761.5000000159325
6864.900000016309
6920.1000000165095
7580.800000018913
7745.300000019512
7811.600000019753
7944.700000020237
8596.200000015255
8612.600000015016
8682.100000014005
8778.200000012606
8889.90000001098
9580.400000000933
9646.59999999997
9741.499999998588
9760.199999998316
9837.299999997194
9898.499999996304
596.2000000001055
613.9000000000894
733.099999999981
1599.3999999991931
1649.7999999991473
1768.4999999990391
1853.9999999989616
2582.400000000729
2740.3000000013035
2976.4000000021624
3689.400000004756
3763.300000005025
3935.700000005652
4587.200000008023
4778.200000008717
5589.300000011668
5667.900000011954
6595.90000001533
6622.600000015427
6745.900000015876
6869.600000016326
7583.900000018924
7753.00000001954
7814.600000019764
7975.400000020349
8598.400000015223
8614.900000014983
8772.40000001269
8895.5000000109
9581.700000000914
9645.699999999984
9744.499999998545
9779.299999998038
9873.29999999667
589.3000000001118
733.4999999999807
869.1999999998573
1596.5999999991957
1686.1999999991142
1767.69999999904
1847.199999998968
2582.5000000007294
2862.700000001749
2969.8000000021384
3591.4000000044
3712.50000000484
3766.400000005037
3919.100000005592
4587.500000008024
4782.600000008733
4985.400000009471
5582.600000011644
5614.7000000117605
5777.600000012353
6596.700000015333
6747.400000015881
6861.400000016296
6919.300000016507
7577.2000000189
7753.20000001954
7808.900000019743
7968.000000020322
8598.700000015218
8624.300000014846
8780.600000012571
8886.000000011038
9578.700000000958
9648.399999999943
9744.699999998542
9766.999999998216
9844.899999997084
586.900000000114
636.3000000000691
730.999999999983
1598.0999999991943
1646.89999999915
1764.8999999990426
1847.199999998968
2581.500000000726
2728.8000000012617
2976.000000002161
3612.200000004475
3720.800000004871
3767.900000005042
4584.600000008013
4753.600000008628
5582.800000011644
5671.900000011969
5778.8000000123575
6591.700000015315
6727.100000015807
6870.200000016328
6976.400000016714
7575.700000018895
7751.700000019535
7814.300000019763
7979.700000020364
8596.400000015252
8613.200000015007
8699.800000013747
8894.900000010908
9577.500000000977
9646.099999999977
9744.299999998548
9764.999999998246
9861.099999996848
592.3000000001091
642.2000000000637
731.4999999999825
903.0999999998264
1599.2999999991932
1654.9999999991426
1768.899999999039
1855.0999999989608
2582.70000000073
2744.300000001318
2962.300000002111
3696.4000000047818
3766.400000005037
3924.900000005613
4588.100000008026
4750.400000008616
4976.500000009439
5591.400000011676
5668.900000011958
6596.600000015333
6741.7000000158605
6866.5000000163145
6919.600000016508
7585.100000018929
7751.400000019534
7815.900000019768
7964.100000020308
8599.000000015214
8637.400000014655
8766.600000012775
8891.100000010963
8926.500000010448
9582.400000000904
9647.399999999958
9744.499999998545
9779.399999998035
9861.399999996844
9965.099999995336
579.200000000121
603.0000000000994
731.4999999999825
946.0999999997872
1595.4999999991967
1633.699999999162
1765.8999999990417
1849.5999999989656
2581.7000000007265
2598.300000000787
2733.90000000128
2969.0000000021355
3592.2000000044027
3712.6000000048407
3767.600000005041
3955.900000005726
4584.400000008012
4595.700000008053
4790.00000000876
4995.500000009508
5585.600000011655
5605.700000011728
5773.400000012338
6589.700000015308
6603.100000015356
6745.600000015875
6867.400000016318
6920.500000016511
7581.500000018916
7753.600000019542
7812.700000019757
7962.400000020301
8591.300000015326
8599.700000015204
8784.900000012509
8891.900000010952
9580.900000000926
9636.90000000011
9744.599999998543
9766.999999998216
9865.499999996784
9965.999999995322
591.0000000001103
627.3000000000773
730.1999999999837
881.2999999998462
1598.299999999194
1650.099999999147
1768.799999999039
1846.199999998969
2582.000000000728
2629.0000000008986
2733.80000000128
2879.300000001809
2968.5000000021337
3709.70000000483
3768.3000000050433
3874.5000000054297
3988.900000005846
4586.50000000802
4776.30000000871
4983.600000009465
5587.600000011662
5675.10000001198
5933.700000012921
6593.10000001532
6617.80000001541
6744.000000015869
6865.20000001631
6921.400000016514
7581.600000018916
7748.600000019524
7810.200000019748
7956.40000002028
8597.400000015237
8613.900000014997
8764.500000012806
8889.200000010991
9580.60000000093
9646.59999999997
9742.599999998572
9767.799999998206
9851.899999996982
9939.9999999957
595.2000000001065
734.5999999999797
933.3999999997988
1600.2999999991923
1688.9999999991117
1772.5999999990356
1861.7999999989545
2586.000000000742
2968.8000000021348
3715.700000004852
4591.300000008037
5595.500000011691
5680.000000011998
6598.300000015339
6749.4000000158885
6878.000000016356
6921.400000016514
7593.80000001896
7762.800000019575
7987.100000020391
8599.400000015208
8648.300000014497
8893.000000010936
9584.70000000087
9658.799999999792
9747.799999998497
9781.799999998002
9894.999999996357
606.6000000000961
735.8999999999785
1602.099999999191
1689.699999999111
1774.9999999990334
1872.3999999989448
2586.800000000745
3720.000000004868
4592.00000000804
4791.900000008767
5597.900000011699
5681.500000012004
6602.600000015354
6751.200000015895
6877.200000016353
7594.000000018961
7756.600000019553
8599.800000015202
8636.600000014667
8896.500000010885
9584.70000000087
9655.39999999984
9746.89999999851
9782.399999997991
9887.399999996464
602.2000000001001
736.1999999999782
881.0999999998464
1597.1999999991951
1767.1999999990403
1855.59999999896
2583.500000000733
2970.800000002142
3603.800000004445
3725.300000004887
4590.600000008035
4787.800000008752
4991.000000009492
5586.700000011659
5782.20000001237
6600.100000015345
6751.000000015894
6865.400000016311
6979.2000000167245
7581.200000018915
7760.300000019566
7814.100000019762
7979.400000020363
8599.500000015207
8818.700000012017
8892.00000001095
9579.800000000942
9659.099999999788
9745.799999998526
9771.699999998147
9862.099999996834
594.4000000001072
622.2000000000819
730.999999999983
1597.6999999991947
1684.4999999991155
1772.099999999036
1847.999999998967
2582.3000000007287
2731.900000001273
2973.4000000021515
3711.300000004836
3920.100000005596
4588.200000008026
4783.800000008738
4997.900000009517
5587.00000001166
5680.400000012
6595.90000001533
6638.000000015483
6746.800000015879
6870.300000016328
6975.10000001671
7583.800000018924
7752.100000019536
7810.400000019748
7979.600000020364
8598.300000015224
8613.00000001501
8765.800000012787
8893.500000010928
9581.000000000924
9647.799999999952
9744.299999998548
9771.899999998146
9884.699999996505
574.800000000125
615.9000000000876
727.8999999999858
891.499999999837
1010.3999999997288
1597.399999999195
1627.099999999168
1762.5999999990447
1848.6999999989664
2579.80000000072
2727.500000001257
2853.9000000017168
2971.7000000021453
3615.2000000044864
3720.400000004869
3768.3000000050433
3918.900000005591
4578.800000007992
4599.600000008068
4751.200000008619
4990.900000009491
5583.500000011647
5645.000000011871
5774.600000012342
6585.800000015293
6638.100000015484
6740.300000015855
6861.600000016297
6922.100000016517
7575.800000018895
7752.300000019537
7811.100000019751
7975.400000020349
8583.800000015435
8599.700000015204
8688.500000013912
8793.000000012391
8891.800000010953
9579.20000000095
9643.20000000002
9743.39999999856
9758.799999998337
9862.39999999683
602.8000000000995
732.5999999999815
1598.399999999194
1690.5999999991102
1772.3999999990358
1860.8999999989555
2583.200000000732
2970.20000000214
3718.500000004862
3941.200000005672
4588.200000008026
4783.100000008735
4988.400000009482
5589.200000011668
6595.500000015329
6747.10000001588
6870.80000001633
6973.600000016704
7586.500000018934
7754.400000019545
7815.600000019767
7961.100000020297
8598.200000015226
8615.10000001498
8788.20000001246
8896.000000010892
9582.500000000902
9650.899999999909
9745.399999998532
9779.999999998028
9885.899999996487
588.8000000001123
641.900000000064
731.4999999999825
957.8999999997766
1598.0999999991943
1651.5999999991457
1768.6999999990392
1852.9999999989625
2581.9000000007272
2742.0000000013097
2961.700000002109
3710.0000000048312
3772.100000005057
4587.500000008024
4648.600000008246
4781.900000008731
4981.700000009458
5589.100000011667
5677.500000011989
6595.100000015327
6744.40000001587
6864.600000016308
6941.700000016588
7585.700000018931
7753.700000019542
7812.300000019755
7971.800000020336
8597.700000015233
8619.700000014913
8768.800000012743
8894.900000010908
9581.500000000917
9646.299999999974
9744.299999998548
9775.69999999809
9867.399999996756
589.7000000001115
643.4000000000626
732.7999999999813
1598.599999999194
1646.1999999991506
1764.9999999990423
1848.7999999989663
2582.000000000728
2731.2000000012704
2968.600000002134
3664.5000000046657
3745.2000000049593
3952.400000005713
4585.900000008018
4777.300000008714
4992.500000009497
5588.300000011664
5653.900000011903
5772.500000012335
6592.800000015319
6608.600000015376
6742.200000015862
6866.800000016316
6921.000000016513
7582.300000018919
7749.700000019528
7810.700000019749
7975.500000020349
8597.500000015236
8615.10000001498
8700.700000013734
8805.300000012212
8895.000000010907
9580.500000000931
9644.4
9743.799999998557
9767.899999998204
9857.399999996902
608.7000000000942
733.199999999981
1602.1999999991906
1773.8999999990344
1862.0999999989544
2585.6000000007407
3748.10000000497
4592.400000008041
4801.400000008802
5596.200000011693
6603.800000015359
6749.70000001589
6876.000000016349
6934.900000016563
7594.1000000189615
7796.200000019697
8599.900000015201
8693.300000013842
8896.900000010879
9585.800000000854
9659.499999999782
9748.199999998493
9784.899999997955
9890.399999996422
593.500000000108
615.1000000000884
729.4999999999843
881.2999999998462
1598.6999999991938
1663.4999999991348
1763.1999999990442
1846.0999999989688
2582.3000000007287
2640.100000000939
2731.3000000012707
2969.0000000021355
3710.200000004832
3760.500000005015
3915.90000000558
4586.60000000802
4749.200000008612
4984.500000009468
5589.80000001167
5679.500000011996
5775.400000012345
5941.000000012948
6595.90000001533
6622.200000015426
6741.7000000158605
6867.400000016318
6922.100000016517
7584.500000018927
7739.600000019491
7754.400000019545
7819.600000019782
7944.100000020235
8598.400000015223
8612.700000015015
8693.800000013835
8803.100000012244
8891.100000010963
9581.500000000917
9647.099999999962
9742.299999998577
9757.89999999835
9852.69999999697
9941.699999995675
594.8000000001068
669.2000000000392
735.7999999999786
892.2999999998362
1598.9999999991935
1655.7999999991418
1769.899999999038
1854.3999999989608
2582.60000000073
2967.50000000213
3708.600000004826
3768.200000005043
4586.60000000802
4780.200000008725
4988.100000009481
5589.600000011669
5672.30000001197
6593.300000015321
6743.300000015866
6865.000000016309
6919.900000016509
7584.300000018926
7754.200000019544
7814.500000019763
7973.400000020341
8598.200000015226
8634.000000014705
8783.800000012525
8891.400000010959
9582.100000000908
9649.199999999932
9663.599999999722
9747.099999998509
9769.49999999818
9868.49999999674
589.100000000112
653.9000000000531
734.4999999999798
947.8999999997856
1597.0999999991952
1687.6999999991128
1768.999999999039
1858.999999998957
2582.000000000728
2736.7000000012904
2975.1000000021577
3596.8000000044194
3712.50000000484
3771.6000000050553
3938.900000005664
4587.700000008024
4784.900000008742
5586.100000011656
5614.100000011758
5778.000000012355
6593.500000015321
6744.600000015871
6871.800000016334
6923.200000016521
7581.200000018915
7754.200000019544
7810.300000019748
7967.900000020321
8598.100000015227
8615.700000014971
8801.900000012261
8895.700000010896
9581.100000000924
9648.69999999994
9745.099999998536
9769.799999998177
9885.0999999965
595.8000000001059
623.0000000000812
730.899999999983
876.6999999998504
1599.599999999193
1689.799999999111
1760.9999999990462
1847.999999998967
2584.000000000735
2730.000000001266
2826.3000000016164
2969.200000002136
3721.200000004872
3759.0000000050095
3931.500000005637
4590.200000008033
4767.80000000868
4998.400000009518
5588.6000000116655
5755.700000012273
6598.000000015338
6739.600000015853
6845.400000016238
6917.4000000165
7584.400000018926
7748.100000019522
7813.400000019759
7943.900000020234
8599.100000015213
8618.100000014936
8786.500000012486
8888.900000010995
9582.400000000904
9649.099999999931
9741.99999999858
9758.199999998344
9851.799999996983
9939.799999995705
588.4000000001126
622.4000000000817
727.2999999999863
988.9999999997484
1596.999999999195
1656.699999999141
1765.699999999042
1847.199999998968
2581.600000000726
2600.4000000007945
2727.500000001257
2967.50000000213
3608.300000004461
3712.30000000484
3780.000000005086
3935.600000005652
4585.300000008016
4751.000000008618
4979.60000000945
5585.800000011655
5680.000000011998
6589.500000015307
6627.900000015447
6730.300000015819
6747.10000001588
6866.000000016313
6940.200000016583
7581.600000018916
7750.700000019531
7810.000000019747
7947.200000020246
8594.000000015287
8603.600000015147
8623.800000014853
8727.500000013344
8816.200000012053
8894.400000010915
9579.100000000952
9646.399999999972
9743.099999998563
9767.699999998207
9851.39999999699
9939.399999995709
580.2000000001201
624.6000000000797
733.8999999999803
1598.499999999194
1647.2999999991496
1766.599999999041
1856.6999999989591
2580.500000000722
3600.7000000044336
3736.600000004928
4579.200000007993
4780.700000008726
5583.500000011647
5678.300000011992
6587.6000000153
6745.600000015875
6868.900000016323
6953.700000016632
7577.500000018901
7753.600000019542
7812.100000019755
7982.100000020373
8583.000000015447
8600.400000015194
8691.200000013872
8804.10000001223
8896.20000001089
9579.20000000095
9647.89999999995
9744.399999998546
9765.799999998237
9879.199999996585
591.4000000001099
732.1999999999819
1600.799999999192
1698.8999999991026
1783.099999999026
1873.799999998944
2583.9000000007345
3721.100000004872
4589.000000008029
4796.300000008783
5594.100000011686
6594.400000015325
6746.200000015877
6872.200000016335
6921.300000016514
7591.500000018952
7754.300000019544
7842.900000019867
8598.900000015215
8641.500000014596
8895.5000000109
9584.10000000088
9649.599999999926
9745.599999998529
9782.099999997998
9890.199999996425
589.3000000001118
637.500000000068
733.9999999999802
881.3999999998462
1597.9999999991944
1644.8999999991518
1762.199999999045
1856.4999999989595
2582.400000000729
2971.400000002144
3705.700000004816
3762.200000005021
4586.000000008018
4786.700000008748
5004.900000009542
5587.5000000116615
5672.700000011972
5776.80000001235
6590.600000015311
6635.200000015473
6747.300000015881
6866.200000016313
6923.300000016521
7580.700000018913
7752.100000019536
7816.100000019769
7976.200000020352
8595.500000015265
8611.100000015038
8694.200000013829
8889.30000001099
9579.90000000094
9643.000000000022
9744.499999998545
9764.299999998257
9866.799999996763
592.9000000001085
620.4000000000835
729.2999999999845
1597.5999999991948
1646.79999999915
1760.9999999990462
1846.2999999989688
2581.9000000007272
2728.900000001262
2857.300000001729
2969.5000000021373
3696.6000000047834
3719.800000004867
3874.800000005431
4586.300000008019
4757.400000008642
4987.500000009479
5585.900000011656
5671.500000011967
5764.200000012304
5942.500000012953
6595.500000015329
6637.00000001548
6742.400000015863
6861.700000016297
6920.500000016511
7581.600000018916
7728.000000019449
7796.200000019697
7940.300000020221
8598.000000015229
8613.400000015004
8690.600000013881
8801.700000012264
8892.100000010949
9579.500000000946
9645.999999999978
9739.599999998616
9759.099999998332
9852.899999996967
9938.199999995726
