645.200000000061
3976.800000005802
5983.900000013104
1831.0999999989824
7845.900000019878
9841.899999997127
9895.099999996351
875.2999999998517
902.2999999998272
922.9999999998084
2875.100000001794
2888.300000001842
4891.5000000091295
4984.700000009469
6884.50000001638
6908.300000016467
6976.800000016716
8885.80000001104
8900.500000010827
9974.599999995196
636.6000000000688
647.5000000000589
2652.0000000009823
8650.10000001447
892.599999999836
2949.100000002063
2979.5000000021737
981.2999999997552
999.0999999997392
1595.5999999991966
2977.3000000021657
2992.4000000022206
3605.900000004453
4010.600000005925
4983.000000009462
5597.500000011698
5972.00000001306
7598.000000018976
7969.000000020325
8983.900000009613
8999.100000009392
9592.100000000764
627.7000000000769
634.7000000000705
648.6000000000579
2630.400000000904
2638.500000000933
4633.400000008191
4643.800000008228
6631.2000000154585
6641.500000015496
8630.400000014757
8642.300000014584
635.8000000000695
648.1000000000583
912.499999999818
2640.0000000009386
2658.900000001008
4000.100000005887
4643.800000008228
4654.900000008269
6007.000000013188
6649.500000015525
7995.500000020422
8641.500000014596
8912.00000001066
9994.699999994904
1687.499999999113
631.8000000000732
645.7000000000605
2654.8000000009924
4655.800000008272
6645.30000001551
8637.80000001465
8654.600000014405
