6918.100000016502
741.2999999999736
724.5999999999888
2373.599999999969
2968.7000000021344
3688.000000004751
4073.400000006153
6390.000000014581
6916.500000016496
7435.800000018386
2373.3999999999687
3029.900000002357
4073.200000006153
5328.500000010719
6916.400000016496
7435.600000018385
2373.8999999999705
4073.7000000061535
5328.900000010721
6916.700000016497
7435.900000018386
1596.5999999991957
1841.299999998973
2373.199999999968
2968.600000002134
3029.500000002356
3186.800000002928
3688.000000004751
4073.100000006152
4502.600000007715
5029.300000009631
5328.400000010719
6017.800000013227
6389.400000014579
6916.100000016495
7435.300000018384
8104.500000020818
9886.499999996478
4074.000000006156
5329.200000010722
6916.700000016497
7436.300000018387
6404.600000014634
6917.700000016501
979.4999999997568
1480.699999999301
1596.099999999196
1681.1999999991187
1840.6999999989737
2372.699999999966
2597.900000000785
2968.2000000021326
3029.100000002354
3687.500000004749
3839.200000005301
4073.200000006153
4502.200000007713
4833.400000008918
5328.0000000107175
6017.4000000132255
6266.10000001413
6388.700000014576
6915.7000000164935
7088.200000017121
7434.800000018382
7754.000000019543
8104.000000020816
9886.099999996484
2377.099999999982
724.6999999999887
979.1999999997572
1680.6999999991192
1841.099999998973
2372.9999999999677
2968.4000000021333
3029.300000002355
3186.5000000029268
3687.100000004748
3840.100000005305
4072.900000006152
4502.300000007714
5029.10000000963
5328.100000010718
5751.800000012259
6017.600000013226
6389.200000014578
6916.000000016495
7435.100000018383
7753.300000019541
9739.699999998616
9886.499999996478
9786.599999997932
2376.5999999999804
6918.100000016502
979.1999999997572
1480.899999999301
1596.299999999196
1840.8999999989733
2372.7999999999665
2968.4000000021333
3029.2000000023545
3186.2000000029257
3687.500000004749
3839.5000000053024
4072.700000006151
4502.200000007713
5328.100000010718
5445.700000011146
6017.500000013226
6388.900000014577
6915.800000016494
7088.400000017122
7434.900000018382
8104.000000020816
9037.500000008831
9886.29999999648
1381.5999999993912
1841.299999998973
3030.400000002359
3840.200000005305
4073.5000000061536
4502.900000007716
5328.900000010721
6916.400000016496
7435.800000018386
725.399999999988
978.5999999997578
1480.3999999993014
1595.7999999991964
1840.8999999989733
2372.699999999966
3028.800000002353
3186.2000000029257
3687.100000004748
4072.6000000061504
4502.0000000077125
5028.800000009629
5327.900000010717
6017.300000013225
6388.700000014576
6915.500000016493
7168.000000017411
7434.500000018381
8103.900000020816
9739.29999999862
9885.899999996487
6917.9000000165015
725.6999999999878
1596.5999999991957
1841.1999999989728
2372.899999999967
3029.300000002355
3687.6000000047497
3840.100000005305
4072.800000006151
4502.300000007714
5029.10000000963
5328.100000010718
5445.800000011146
6017.700000013227
6389.000000014577
6915.900000016494
7088.500000017122
7435.000000018383
8104.200000020817
9037.70000000883
9886.499999996478
6404.600000014634
1841.499999998973
6916.500000016496
8599.100000015213
4074.000000006156
6917.100000016499
7436.400000018388
8599.800000015202
725.5999999999879
979.1999999997572
1480.5999999993012
1595.9999999991962
1840.5999999989735
2372.599999999966
3028.9000000023534
3186.000000002925
3687.200000004748
4072.50000000615
4502.0000000077125
4833.400000008918
5028.700000009629
5327.900000010717
6017.300000013225
6915.400000016492
7088.100000017121
7168.200000017412
7434.500000018381
8103.800000020816
9739.499999998618
9886.099999996484
6917.000000016498
7436.800000018389
8599.900000015201
725.0999999999883
1596.099999999196
1680.799999999119
1841.099999998973
2372.599999999966
2968.2000000021326
3028.800000002353
3687.3000000047487
4073.200000006153
4502.200000007713
5028.800000009629
5328.0000000107175
5445.400000011145
6017.4000000132255
6388.600000014576
6915.7000000164935
7088.100000017121
7168.400000017413
7434.700000018382
8103.900000020816
8452.300000017349
8576.300000015544
9037.300000008836
4073.900000006155
6916.600000016497
8598.800000015217
725.399999999988
1680.899999999119
2373.499999999969
2968.7000000021344
3029.7000000023563
3687.500000004749
4074.000000006156
4292.900000006952
4502.500000007714
5328.60000001072
6017.500000013226
6916.500000016496
7435.600000018385
725.0999999999883
1480.5999999993012
1595.8999999991963
1680.6999999991192
1840.8999999989733
2029.399999998802
2372.399999999965
2597.900000000785
3028.6000000023523
3687.200000004748
3839.600000005303
3915.000000005577
4073.200000006153
4502.0000000077125
5029.00000000963
5328.300000010719
5445.200000011144
5565.800000011583
6017.100000013224
6388.200000014575
6915.600000016493
7087.90000001712
7168.200000017412
7434.500000018381
7753.700000019542
8103.700000020815
9036.900000008842
9739.699999998616
9885.999999996486
111.10000000009585
351.10000000014554
724.5999999999888
978.5999999997578
1094.3999999996524
1595.6999999991965
1680.2999999991196
1840.5999999989735
2028.9999999988024
2372.099999999964
2597.400000000784
3028.200000002351
3686.800000004747
3838.9000000053
4021.900000005966
4072.900000006152
4832.800000008916
5028.900000009629
5328.400000010719
5444.800000011142
5565.400000011581
5751.700000012259
6016.800000013223
6387.900000014573
6760.300000015928
6915.200000016492
7088.00000001712
7167.70000001741
7434.100000018379
8103.400000020814
8451.900000017355
9036.600000008846
9089.000000008084
9738.59999999863
9886.099999996484
9998.39999999485
6917.300000016499
6922.90000001652
8617.80000001494
111.10000000009585
351.4000000001456
724.8999999999885
979.0999999997572
1094.3999999996524
1339.7999999994292
1595.6999999991965
1680.3999999991197
1840.199999998974
2028.9999999988024
2597.400000000784
2968.300000002133
3028.500000002352
3686.900000004747
3837.900000005297
3914.600000005576
4021.900000005966
4072.900000006152
4833.500000008919
5028.400000009628
5328.60000001072
5444.900000011143
5752.200000012261
6016.900000013224
6387.900000014573
6760.4000000159285
6837.400000016209
6915.400000016492
7088.00000001712
7167.900000017411
7434.30000001838
7753.300000019541
8103.400000020814
8452.000000017353
8576.000000015549
9036.500000008848
9089.100000008082
9633.100000000166
9739.099999998623
9885.69999999649
2376.49999999998
6917.300000016499
4074.400000006157
6917.100000016499
9774.299999998111
724.6999999999887
802.1999999999182
978.8999999997576
1094.4999999996523
1480.3999999993014
1595.6999999991965
1680.2999999991196
1840.4999999989736
2029.0999999988023
2372.1999999999643
2597.6000000007843
3028.200000002351
3687.000000004748
3838.9000000053
3914.700000005576
4073.000000006152
4263.300000006844
4501.800000007712
5028.400000009628
5328.500000010719
5444.900000011143
5751.800000012259
6017.000000013224
6388.000000014574
6760.000000015927
6915.400000016492
7087.600000017119
7167.800000017411
7434.30000001838
7753.20000001954
8103.500000020815
8452.100000017352
9036.700000008845
9089.20000000808
9738.59999999863
9885.799999996489
9998.39999999485
734.6999999999796
3760.900000005016
7754.900000019546
8694.10000001383
9746.399999998515
3187.900000002932
3688.100000004752
6916.700000016497
7436.300000018387
8599.800000015202
6918.100000016502
725.2999999999881
2969.0000000021355
3187.5000000029304
4073.5000000061536
4502.900000007716
5328.900000010721
6916.600000016497
7435.800000018386
8599.600000015205
9739.29999999862
2373.3999999999687
3029.8000000023567
3687.70000000475
4073.400000006153
4502.500000007714
5328.400000010719
6017.4000000132255
6916.400000016496
7435.600000018385
4074.200000006156
5329.500000010723
6917.200000016499
7436.600000018388
1596.8999999991954
1841.399999998973
2373.3999999999687
2968.5000000021337
3029.900000002357
4073.200000006153
4502.800000007715
5328.500000010719
6017.900000013227
6389.60000001458
6916.300000016496
7435.600000018385
8104.700000020819
9886.39999999648
4074.8000000061584
6917.5000000165
725.499999999988
110.70000000009586
351.0000000001455
722.6999999999905
801.8999999999185
978.7999999997576
1380.599999999392
1595.4999999991967
1679.2999999991205
1840.399999998974
2028.5999999988028
2371.599999999962
2968.4000000021333
3028.500000002352
3686.4000000047454
4021.400000005964
4072.50000000615
4292.900000006952
4832.4000000089145
5028.1000000096265
5328.400000010719
5444.500000011141
5565.20000001158
5750.600000012255
6016.500000013222
6073.2000000134285
6387.600000014572
6837.200000016208
6915.100000016491
7087.700000017119
7167.60000001741
7434.900000018382
8103.100000020813
8451.900000017355
9036.30000000885
9088.700000008088
9525.900000001726
9738.099999998638
9998.199999994851
1841.6999999989728
2968.5000000021337
3029.8000000023567
3687.8000000047514
4073.5000000061536
4292.800000006951
4502.600000007715
5328.60000001072
6017.700000013227
6916.700000016497
7435.600000018385
725.8999999999876
2373.79999999997
4073.7000000061535
4502.800000007715
6916.600000016497
7436.000000018386
639.1000000000665
5344.100000010776
6921.600000016515
8610.500000015047
724.4999999999889
2373.69999999997
2969.0000000021355
3030.60000000236
3688.100000004752
4073.5000000061536
4293.200000006953
5328.80000001072
6018.60000001323
6916.8000000164975
7435.900000018386
8599.600000015205
4074.200000006156
6916.700000016497
7436.500000018388
8599.800000015202
6917.200000016499
8600.200000015197
4074.400000006157
6917.000000016498
8600.300000015195
724.1999999999891
3687.900000004751
4073.7000000061535
5328.900000010721
6916.600000016497
7436.000000018386
8599.600000015205
6404.400000014633
6917.4000000165
2969.0000000021355
5329.1000000107215
6917.100000016499
7436.200000018387
8599.700000015204
4073.900000006155
5329.1000000107215
6916.500000016496
8598.800000015217
2373.499999999969
2968.600000002134
4073.400000006153
4502.700000007715
5328.60000001072
6018.300000013229
6916.600000016497
7435.700000018385
3187.900000002932
4073.900000006155
5329.200000010722
6916.8000000164975
7436.400000018388
8599.900000015201
979.0999999997572
1596.199999999196
1841.399999998973
2373.099999999968
2968.300000002133
3029.500000002356
3186.5000000029268
3688.000000004751
4072.900000006152
5029.800000009633
5328.200000010718
6017.500000013226
6389.100000014578
6916.100000016495
7088.6000000171225
7435.200000018383
8104.300000020818
725.399999999988
3688.200000004752
4073.8000000061543
6917.000000016498
7436.200000018387
725.399999999988
1596.299999999196
1840.8999999989733
2372.899999999967
2968.300000002133
3029.2000000023545
3687.500000004749
4072.6000000061504
4502.200000007713
5328.100000010718
6017.500000013226
6389.000000014577
6915.7000000164935
7434.900000018382
8104.100000020817
9739.199999998622
6917.000000016498
723.9999999999893
801.9999999999184
1480.5999999993012
1596.099999999196
1679.5999999991202
1840.9999999989732
2372.599999999966
2968.100000002132
3028.7000000023527
3686.5000000047457
4073.5000000061536
4501.900000007712
5028.500000009628
5327.800000010717
5751.200000012257
6017.000000013224
6915.600000016493
7088.100000017121
7168.200000017412
7434.600000018381
8103.800000020816
8452.20000001735
9738.799999998628
6404.200000014633
6917.100000016499
4074.000000006156
6916.500000016496
7436.300000018387
734.29999999998
6919.400000016507
8622.800000014868
9759.19999999833
9790.09999999788
6917.700000016501
725.0999999999883
979.0999999997572
1596.399999999196
1680.2999999991196
1841.1999999989728
2029.5999999988016
2372.899999999967
3028.9000000023534
3186.300000002926
3687.100000004748
4073.8000000061543
4502.300000007714
5328.100000010718
6016.900000013224
6388.900000014577
6916.000000016495
7435.100000018383
7753.400000019541
8104.200000020817
8452.600000017344
9037.500000008831
9739.699999998616
9886.39999999648
6404.800000014635
4074.000000006156
6916.8000000164975
7436.400000018388
2376.999999999982
6918.100000016502
2373.79999999997
3030.5000000023592
3187.5000000029304
4073.7000000061535
4503.1000000077165
5328.900000010721
6018.200000013228
6917.100000016499
7436.000000018386
724.5999999999888
979.0999999997572
1480.899999999301
1596.399999999196
1680.899999999119
1841.099999998973
2372.899999999967
2968.4000000021333
3029.2000000023545
3186.300000002926
3687.3000000047487
3839.900000005304
4072.700000006151
4502.300000007714
5029.10000000963
5328.100000010718
6017.900000013227
6389.000000014577
6915.800000016494
7434.900000018382
7753.300000019541
8104.100000020817
9739.799999998611
9886.699999996476
6917.300000016499
725.399999999988
1596.199999999196
1680.1999999991197
1841.1999999989728
2372.899999999967
3028.7000000023527
3186.300000002926
3687.100000004748
4073.900000006155
4502.200000007713
5028.700000009629
5328.100000010718
5445.500000011145
6016.500000013222
6388.900000014577
6915.900000016494
7434.900000018382
8104.100000020817
9886.199999996485
724.8999999999885
2373.69999999997
3030.70000000236
3187.40000000293
3687.900000004751
4073.600000006154
4502.900000007716
5328.80000001072
6916.600000016497
6917.6000000165
2377.499999999984
725.5999999999879
1480.699999999301
1596.199999999196
1840.8999999989733
2372.599999999966
3028.800000002353
3687.3000000047487
4073.400000006153
4502.100000007713
5028.700000009629
5327.900000010717
5445.400000011145
6017.200000013225
6388.600000014576
6915.600000016493
7088.100000017121
7168.3000000174125
7434.600000018381
7753.900000019543
8103.900000020816
8452.300000017349
9886.499999996478
4074.500000006157
6917.100000016499
725.1999999999882
1480.899999999301
1596.399999999196
1841.299999998973
2372.899999999967
3029.2000000023545
3186.4000000029264
3687.500000004749
4072.800000006151
4502.300000007714
5029.10000000963
5328.100000010718
6017.500000013226
6915.800000016494
7088.500000017122
7435.000000018383
8104.100000020817
9739.199999998622
9886.29999999648
741.899999999973
9755.399999998386
351.60000000014566
724.299999999989
979.0999999997572
1094.6999999996522
1480.4999999993013
1595.8999999991963
1680.3999999991197
1840.6999999989737
2029.2999999988024
2372.2999999999647
2597.7000000007847
3028.400000002352
3687.000000004748
3839.3000000053016
4073.100000006152
4501.900000007712
4833.200000008917
5029.10000000963
5328.500000010719
5445.100000011144
5565.800000011583
6017.100000013224
6388.200000014575
6760.500000015929
6915.500000016493
7087.80000001712
7168.000000017411
7434.4000000183805
7753.300000019541
8103.600000020815
8452.100000017352
8576.100000015547
9036.900000008842
9633.300000000165
9738.69999999863
9885.899999996487
9998.799999994844
6917.6000000165
1841.8999999989728
2373.69999999997
2968.600000002134
3187.40000000293
4073.600000006154
4502.800000007715
5328.70000001072
6916.700000016497
7435.800000018386
4074.000000006156
6916.900000016498
4074.6000000061576
6916.900000016498
8599.200000015211
4073.8000000061543
5329.000000010721
6917.300000016499
7436.100000018387
724.8999999999885
978.5999999997578
1094.4999999996523
1595.5999999991966
1680.2999999991196
1840.5999999989735
2029.0999999988023
2372.099999999964
2968.000000002132
3028.400000002352
3686.800000004747
3839.000000005301
4021.700000005965
4072.900000006152
4832.800000008916
5028.400000009628
5328.400000010719
5444.900000011143
6016.700000013223
6388.000000014574
6760.500000015929
6915.100000016491
7088.100000017121
7167.800000017411
7434.20000001838
7753.20000001954
8103.400000020814
8451.800000017356
9089.100000008082
9738.899999998626
9885.899999996487
6917.5000000165
8600.0000000152
3030.400000002359
3187.3000000029297
4073.400000006153
4502.800000007715
5328.70000001072
6916.400000016496
7435.600000018385
8104.90000002082
979.2999999997572
4073.300000006153
4502.600000007715
5029.900000009633
5328.60000001072
6018.200000013228
6916.200000016495
7435.600000018385
725.399999999988
1480.699999999301
1596.199999999196
1681.0999999991188
1840.9999999989732
2029.6999999988016
2372.699999999966
2968.2000000021326
3028.9000000023534
3687.400000004749
3839.700000005303
4073.300000006153
4502.200000007713
5328.0000000107175
5445.500000011145
6017.300000013225
6388.600000014576
6915.800000016494
7088.200000017121
7168.500000017413
7434.800000018382
7753.900000019543
8103.900000020816
8452.300000017349
6917.700000016501
3187.700000002931
4073.8000000061543
5329.000000010721
6916.700000016497
7436.100000018387
8598.700000015218
6917.700000016501
724.8999999999885
979.0999999997572
1480.5999999993012
1595.6999999991965
1680.3999999991197
1840.6999999989737
2029.0999999988023
2372.2999999999647
3028.500000002352
3687.000000004748
3839.3000000053016
3914.800000005576
4073.100000006152
4410.60000000738
4501.900000007712
4833.000000008917
5029.200000009631
5328.400000010719
5445.100000011144
5751.90000001226
6017.000000013224
6388.100000014574
6915.500000016493
7087.80000001712
7168.000000017411
7434.4000000183805
7753.300000019541
8103.600000020815
8452.000000017353
8576.100000015547
9036.800000008843
9739.099999998623
9886.29999999648
725.399999999988
978.8999999997576
1480.699999999301
1596.099999999196
1680.899999999119
1840.9999999989732
2029.6999999988016
2372.699999999966
2597.800000000785
3028.500000002352
3687.3000000047487
3915.1000000055774
4073.5000000061536
4502.200000007713
5028.900000009629
5327.900000010717
6017.200000013225
6388.600000014576
6915.600000016493
7088.200000017121
7168.500000017413
7434.700000018382
8103.900000020816
8452.300000017349
9739.29999999862
9886.599999996475
724.9999999999884
1480.4999999993013
1595.7999999991964
1680.6999999991192
1840.6999999989737
2029.2999999988024
2372.399999999965
2597.400000000784
2967.9000000021315
3028.6000000023523
3687.200000004748
3839.200000005301
4073.200000006153
4501.900000007712
4833.200000008917
5029.300000009631
5328.500000010719
5445.200000011144
6016.900000013224
6265.90000001413
6760.4000000159285
6915.500000016493
7088.200000017121
7168.100000017412
7434.500000018381
7753.400000019541
8103.700000020815
8452.100000017352
8600.300000015195
9739.29999999862
9886.39999999648
9998.799999994844
1841.9999999989725
2968.4000000021333
3030.5000000023592
4073.5000000061536
4502.900000007716
6018.400000013229
6916.600000016497
7435.800000018386
725.5999999999879
979.4999999997568
1481.1999999993006
1596.8999999991954
1841.399999998973
2373.099999999968
2968.600000002134
3029.500000002356
3687.6000000047497
4073.000000006152
5029.300000009631
5328.200000010718
6017.800000013227
6389.3000000145785
6916.100000016495
7088.500000017122
7435.200000018383
8104.300000020818
9886.29999999648
979.5999999997568
1480.899999999301
1596.299999999196
1840.8999999989733
2029.9999999988013
2372.899999999967
2598.100000000786
3029.300000002355
3186.300000002926
3687.70000000475
3839.5000000053024
4072.700000006151
4502.400000007714
5328.100000010718
5445.800000011146
6017.500000013226
6388.900000014577
6915.900000016494
7088.400000017122
7435.000000018383
8104.100000020817
8452.600000017344
9886.39999999648
2373.999999999971
2969.400000002137
3187.700000002931
4073.8000000061543
4293.400000006954
5329.1000000107215
6916.900000016498
7436.200000018387
725.1999999999882
3688.4000000047527
4073.900000006155
6916.8000000164975
7436.200000018387
8599.700000015204
6917.700000016501
6404.100000014632
6917.300000016499
2373.999999999971
2968.900000002135
4073.8000000061543
6916.600000016497
7436.200000018387
8599.000000015214
5329.500000010723
6917.300000016499
8600.200000015197
6404.400000014633
6917.200000016499
8600.200000015197
2373.8999999999705
4073.8000000061543
4503.000000007716
5329.000000010721
6916.600000016497
7436.000000018386
1597.299999999195
1841.5999999989729
2373.69999999997
4073.400000006153
5328.80000001072
6916.600000016497
7435.900000018386
6017.700000013227
6403.800000014631
6916.8000000164975
8599.900000015201
6403.700000014631
6916.900000016498
8600.100000015198
4073.900000006155
5329.1000000107215
6916.600000016497
7436.100000018387
8599.400000015208
6917.5000000165
1841.499999998973
2373.2999999999683
3029.0000000023538
3687.8000000047514
4074.100000006156
4292.50000000695
4502.400000007714
5328.400000010719
6016.800000013223
6389.60000001458
6916.400000016496
7435.300000018384
8104.500000020818
9886.599999996475
111.10000000009585
723.5999999999897
978.8999999997576
1094.0999999996527
1595.5999999991966
1679.69999999912
1840.5999999989735
2028.8999999988023
2371.999999999964
2597.3000000007837
2968.5000000021337
3028.6000000023523
3686.7000000047465
3914.400000005575
4021.8000000059656
4072.900000006152
5028.300000009627
5328.500000010719
5444.700000011142
5565.400000011581
5751.500000012258
6016.700000013223
6073.50000001343
6387.900000014573
6915.300000016492
7087.90000001712
7167.800000017411
7434.100000018379
7752.600000019538
8103.300000020814
8451.800000017356
9036.600000008846
9088.800000008086
9632.900000000169
9738.59999999863
9885.69999999649
9998.099999994854
724.6999999999887
978.9999999997574
1480.799999999301
1596.199999999196
1841.099999998973
2372.699999999966
2968.2000000021326
3029.0000000023538
3687.3000000047487
4072.50000000615
4502.200000007713
5327.900000010717
6017.4000000132255
6388.700000014576
6760.90000001593
6915.800000016494
7088.100000017121
7168.500000017413
7434.700000018382
7753.500000019541
8103.900000020816
9886.199999996485
724.399999999989
978.8999999997576
1596.399999999196
1680.3999999991197
1841.299999998973
2372.899999999967
2968.4000000021333
3029.100000002354
3687.3000000047487
4072.700000006151
4502.400000007714
5029.10000000963
5328.100000010718
5445.800000011146
6017.600000013226
6388.900000014577
6916.000000016495
7088.400000017122
7435.000000018383
7753.900000019543
8104.200000020817
9739.899999998612
9886.39999999648
2373.599999999969
2968.900000002135
3029.600000002356
3688.100000004752
5029.500000009632
5328.70000001072
6017.700000013227
6916.700000016497
7435.700000018385
8104.90000002082
6917.100000016499
8599.100000015213
1380.9999999993918
2373.2999999999683
3688.100000004752
4073.100000006152
4292.700000006951
4502.600000007715
5328.400000010719
6018.000000013228
6389.60000001458
6916.500000016496
7435.400000018384
9788.399999997906
4074.6000000061576
6917.300000016499
4074.100000006156
6916.900000016498
8599.600000015205
2969.100000002136
4502.700000007715
5328.70000001072
6916.400000016496
7435.600000018385
8599.400000015208
724.5999999999888
978.6999999997576
1480.699999999301
1595.9999999991962
1680.4999999991194
1841.099999998973
2372.699999999966
2597.800000000785
2968.100000002132
3028.800000002353
3186.2000000029257
3686.900000004747
4072.6000000061504
4502.0000000077125
5028.900000009629
5327.900000010717
5445.500000011145
6017.4000000132255
6388.700000014576
6915.7000000164935
7088.100000017121
7168.200000017412
7434.700000018382
8103.900000020816
9633.50000000016
9739.39999999862
9886.099999996484
2373.69999999997
2968.8000000021348
4073.600000006154
6916.500000016496
7435.700000018385
2968.900000002135
4073.900000006155
5329.000000010721
6916.500000016496
7436.000000018386
8598.500000015221
8612.700000015015
6916.900000016498
7436.300000018387
979.399999999757
1480.899999999301
1596.299999999196
1681.1999999991187
1841.1999999989728
2372.899999999967
2597.900000000785
3029.2000000023545
3687.6000000047497
4072.800000006151
4502.300000007714
5029.800000009633
5328.100000010718
6017.600000013226
6389.000000014577
6915.900000016494
7435.000000018383
8104.100000020817
9886.29999999648
6404.400000014633
6917.4000000165
724.5999999999888
978.4999999997578
1094.3999999996524
1595.7999999991964
1680.2999999991196
1840.5999999989735
2028.9999999988024
2371.999999999964
2597.500000000784
3028.00000000235
3686.900000004747
3914.400000005575
4072.900000006152
4410.200000007379
4832.700000008916
5028.500000009628
5328.60000001072
5444.800000011142
6016.800000013223
6073.60000001343
6387.900000014573
6760.300000015928
6915.300000016492
7088.00000001712
7167.800000017411
7434.20000001838
8103.400000020814
8451.900000017355
8575.90000001555
9633.100000000166
9739.099999998623
9885.599999996492
9997.899999994856
724.299999999989
978.8999999997576
1595.7999999991964
1680.0999999991195
1840.6999999989737
2029.0999999988023
2372.1999999999643
2597.500000000784
3028.300000002351
3686.800000004747
3838.9000000053
3914.800000005576
4022.100000005967
4073.100000006152
4410.400000007379
5028.900000009629
5328.60000001072
5445.000000011143
5565.5000000115815
5752.300000012261
6017.000000013224
6388.100000014574
6760.600000015929
6915.500000016493
7088.100000017121
7168.000000017411
7434.4000000183805
7753.20000001954
8103.500000020815
8451.900000017355
9036.700000008845
9089.20000000808
9633.000000000167
9738.899999998626
9885.799999996489
9998.699999994846
725.6999999999878
1480.799999999301
1595.9999999991962
1840.7999999989736
2372.7999999999665
2597.6000000007843
2968.2000000021326
3029.0000000023538
3186.300000002926
3687.3000000047487
3839.5000000053024
4073.200000006153
4502.300000007714
5328.0000000107175
5445.500000011145
6017.300000013225
6388.700000014576
6915.800000016494
7434.700000018382
8104.000000020816
8452.300000017349
9886.29999999648
724.7999999999886
978.7999999997576
1094.2999999996523
1339.7999999994292
1595.6999999991965
1680.1999999991197
1840.5999999989735
2028.9999999988024
2372.099999999964
2597.3000000007837
3028.00000000235
3686.800000004747
3838.9000000053
4072.900000006152
4410.300000007379
4832.700000008916
5028.400000009628
5328.500000010719
5444.900000011143
6016.800000013223
6073.60000001343
6387.900000014573
6760.500000015929
6915.400000016492
7088.00000001712
7167.800000017411
7434.20000001838
7753.300000019541
8103.400000020814
8451.800000017356
8575.90000001555
9633.100000000166
9739.099999998623
9885.69999999649
9998.099999994854
351.60000000014566
724.7999999999886
978.6999999997576
1595.7999999991964
1680.4999999991194
1840.6999999989737
2372.1999999999643
2597.500000000784
3028.800000002353
3687.000000004748
3839.100000005301
4072.900000006152
4263.300000006844
4410.400000007379
4833.000000008917
5028.900000009629
5328.60000001072
5445.000000011143
5565.700000011582
5752.10000001226
6016.900000013224
6388.000000014574
6760.600000015929
6915.300000016492
7088.100000017121
7168.000000017411
7434.4000000183805
7753.300000019541
8103.500000020815
8451.900000017355
9036.800000008843
9089.20000000808
9633.200000000164
9738.999999998625
9885.799999996489
9998.299999994852
6403.900000014632
6916.8000000164975
7436.700000018389
4074.000000006156
6916.700000016497
8599.000000015214
6917.5000000165
725.5999999999879
1480.699999999301
1596.099999999196
1680.6999999991192
1840.8999999989733
2029.2999999988024
2372.599999999966
3028.400000002352
3687.100000004748
3839.700000005303
4073.600000006154
4502.0000000077125
5028.600000009628
5327.900000010717
5445.300000011144
6016.500000013222
6388.500000014576
6915.7000000164935
7168.500000017413
7434.700000018382
8103.800000020816
9885.899999996487
110.40000000009589
350.70000000014545
724.0999999999892
801.8999999999185
924.0999999998072
978.299999999758
1094.1999999996526
1380.0999999993926
1595.199999999197
1679.5999999991202
1840.0999999989745
2028.299999998803
2064.499999998845
2463.900000000298
2597.000000000782
2968.4000000021333
3028.400000002352
3687.100000004748
3914.800000005576
4021.300000005964
4072.4000000061496
4409.600000007376
4832.100000008913
4952.500000009351
5028.000000009626
5327.500000010716
5751.300000012257
6016.700000013223
6073.300000013429
6265.700000014129
6387.400000014572
6836.700000016206
6915.500000016493
7018.700000016868
7087.500000017119
7167.400000017409
7434.900000018382
7753.00000001954
8155.800000021005
8451.700000017358
8599.400000015208
9088.900000008083
9525.500000001732
9738.399999998634
9997.399999994865
724.9999999999884
1596.6999999991956
1841.1999999989728
2372.9999999999677
3029.4000000023552
3687.500000004749
4072.800000006151
4502.300000007714
5029.10000000963
5328.100000010718
6017.700000013227
6389.200000014578
6916.000000016495
7435.100000018383
8104.200000020817
9886.29999999648
6917.4000000165
8600.0000000152
6018.100000013228
6917.200000016499
7436.800000018389
8600.100000015198
725.399999999988
978.9999999997574
1480.799999999301
1596.299999999196
1841.099999998973
2372.699999999966
3028.500000002352
3186.1000000029253
3687.400000004749
3839.900000005304
4073.7000000061535
4502.200000007713
5328.100000010718
5445.400000011145
6016.3000000132215
6388.700000014576
6915.800000016494
7434.800000018382
8103.900000020816
8452.300000017349
8576.500000015541
9886.099999996484
8628.20000001479
725.2999999999881
1480.699999999301
1595.8999999991963
1680.6999999991192
1840.8999999989733
2029.2999999988024
2372.499999999965
2597.900000000785
3028.6000000023523
3687.100000004748
3839.5000000053024
4073.400000006153
4833.200000008917
5028.600000009628
5328.0000000107175
5445.300000011144
6016.800000013223
6388.400000014575
6915.7000000164935
7434.600000018381
7753.700000019542
8103.700000020815
8576.200000015546
9886.29999999648
725.5999999999879
1596.199999999196
1841.1999999989728
2372.9999999999677
2968.4000000021333
3028.9000000023534
3687.400000004749
4073.8000000061543
4502.300000007714
5028.900000009629
5328.100000010718
6017.100000013224
6388.900000014577
6915.900000016494
7434.900000018382
8104.200000020817
9886.199999996485
2376.899999999981
6918.100000016502
979.4999999997568
1596.7999999991955
1841.299999998973
2373.199999999968
3029.7000000023563
3688.100000004752
4073.000000006152
5029.500000009632
5328.400000010719
6018.000000013228
6389.3000000145785
6916.200000016495
7435.400000018384
8104.500000020818
9886.699999996476
724.8999999999885
1380.799999999392
1596.5999999991957
1680.899999999119
1841.399999998973
2373.099999999968
3029.600000002356
3687.500000004749
4072.900000006152
4502.600000007715
5029.300000009631
5328.300000010719
6017.800000013227
6916.100000016495
7435.200000018383
8104.300000020818
9886.599999996475
725.7999999999877
1596.7999999991955
1841.5999999989729
2373.199999999968
2968.7000000021344
3029.8000000023567
3186.7000000029275
3688.000000004751
4073.100000006152
4502.600000007715
5029.500000009632
5328.400000010719
6018.000000013228
6389.400000014579
6916.200000016495
7435.400000018384
8104.500000020818
9886.599999996475
6917.000000016498
8599.600000015205
724.8999999999885
979.399999999757
1480.9999999993008
1596.5999999991957
1680.2999999991196
1841.1999999989728
2372.9999999999677
3029.300000002355
3687.000000004748
3839.900000005304
4072.800000006151
4502.400000007714
5029.10000000963
5328.100000010718
6017.700000013227
6389.100000014578
6916.000000016495
7435.000000018383
8104.200000020817
2969.100000002136
4074.200000006156
6916.8000000164975
7436.500000018388
8599.30000001521
6917.800000016501
1596.6999999991956
1840.9999999989732
2373.099999999968
2968.5000000021337
3029.600000002356
3186.5000000029268
3688.100000004752
3839.700000005303
4073.000000006152
4502.400000007714
5029.300000009631
5328.200000010718
6017.600000013226
6389.3000000145785
6916.000000016495
7435.200000018383
8104.300000020818
725.9999999999875
979.1999999997572
1480.9999999993008
1596.4999999991958
1841.1999999989728
2372.9999999999677
3029.100000002354
3186.5000000029268
3687.6000000047497
4072.800000006151
4502.500000007714
5029.10000000963
5328.200000010718
6017.600000013226
6389.000000014577
6915.900000016494
7088.500000017122
7435.000000018383
8104.200000020817
9886.29999999648
725.399999999988
1841.499999998973
2373.199999999968
2968.600000002134
3029.8000000023567
3687.70000000475
4073.000000006152
5029.400000009631
5328.300000010719
6017.900000013227
6389.500000014579
6916.300000016496
7435.300000018384
8104.400000020818
724.8999999999885
978.9999999997574
1094.5999999996525
1480.3999999993014
1595.7999999991964
1680.4999999991194
1840.4999999989736
2029.1999999988025
2372.1999999999643
3028.300000002351
3687.000000004748
3914.700000005576
4073.000000006152
4501.800000007712
4833.000000008917
5028.900000009629
5328.300000010719
5445.000000011143
6016.900000013224
6388.100000014574
6760.200000015928
6915.400000016492
7087.700000017119
7167.70000001741
7434.30000001838
7753.300000019541
8103.500000020815
8452.000000017353
9036.900000008842
9738.999999998625
9885.69999999649
9998.699999994846
4074.400000006157
6917.100000016499
8599.400000015208
1841.6999999989728
2373.2999999999683
3030.0000000023574
3186.900000002928
4073.100000006152
4502.700000007715
5328.400000010719
6018.100000013228
6389.60000001458
6916.300000016496
7435.500000018384
8104.600000020819
724.6999999999887
979.0999999997572
1480.3999999993014
1595.6999999991965
1680.4999999991194
1840.6999999989737
2372.2999999999647
2597.500000000784
3028.400000002352
3686.900000004747
4073.100000006152
4501.800000007712
4833.200000008917
5328.200000010718
5445.000000011143
6017.100000013224
6265.800000014129
6388.100000014574
6760.4000000159285
6915.500000016493
7087.80000001712
7167.800000017411
7434.30000001838
8103.500000020815
8451.900000017355
8576.100000015547
9036.900000008842
9633.200000000164
9739.39999999862
9885.799999996489
4074.500000006157
6917.200000016499
8600.300000015195
2373.69999999997
2968.8000000021348
4073.5000000061536
4502.800000007715
5328.70000001072
6916.8000000164975
7435.700000018385
2373.3999999999687
2968.4000000021333
3029.4000000023552
3687.70000000475
4074.100000006156
4292.600000006951
4502.200000007713
5328.500000010719
6016.900000013224
6916.500000016496
7435.400000018384
9886.599999996475
4074.000000006156
6917.300000016499
8599.800000015202
4074.700000006158
6404.200000014633
6917.4000000165
725.8999999999876
1596.099999999196
1841.099999998973
2372.9999999999677
2597.800000000785
2968.5000000021337
3029.4000000023552
3687.70000000475
4072.900000006152
4502.300000007714
5029.200000009631
5328.200000010718
6017.700000013227
6389.100000014578
6915.800000016494
7435.100000018383
8104.200000020817
9886.199999996485
