8625.000000014836
6288.600000014212
9783.199999997982
2971.100000002143
5200.600000010254
6281.400000014186
7977.700000020357
8615.10000001498
9678.499999999503
735.9999999999784
6283.400000014193
8623.600000014856
9660.99999999976
9793.399999997831
1500.7999999992828
2971.300000002144
5186.100000010201
6280.100000014181
7976.900000020354
8615.400000014975
9675.199999999551
2970.4000000021406
7982.700000020375
647.400000000059
1486.5999999992955
2067.9999999988577
2378.7999999999884
4313.000000007025
5039.600000009668
5172.300000010151
5338.100000010754
6276.500000014168
6920.500000016511
7444.000000018415
7985.900000020387
8612.30000001502
9671.399999999609
9768.499999998196
1486.8999999992957
2081.499999998907
5042.200000009678
5194.00000001023
6275.900000014166
6416.100000014676
6881.9000000163705
8615.200000014978
9662.99999999973
9769.699999998178
1488.2999999992942
2071.4999999988704
2385.900000000014
4333.5000000071
5187.700000010207
5340.700000010764
6279.80000001418
8614.40000001499
9665.399999999696
9774.499999998108
1486.399999999296
2066.0999999988508
2380.099999999993
3198.40000000297
4091.80000000622
4316.900000007039
5038.900000009666
5170.300000010144
5338.200000010755
6278.000000014174
6413.5000000146665
6921.900000016516
7444.400000018417
8177.900000021085
8610.000000015054
9664.799999999705
9772.99999999813
2982.600000002185
8636.700000014665
8629.100000014776
6283.900000014195
8631.700000014738
1488.7999999992935
2074.09999999888
5191.800000010222
5339.300000010759
6280.000000014181
7453.300000018449
8608.20000001508
9661.299999999756
1490.9999999992915
2985.100000002194
5192.000000010223
5346.000000010783
6285.800000014202
8615.300000014977
9685.7999999994
187.2000000001083
615.1000000000884
1042.6999999996997
1258.699999999503
1387.9999999993854
1482.4999999992997
1848.1999999989669
2038.3999999987936
2376.799999999981
2731.900000001273
2967.800000002131
3037.200000002384
3192.2000000029475
3848.200000005334
4079.700000006176
4293.800000006955
5032.000000009641
5156.400000010093
5332.300000010733
5459.800000011197
6027.600000013263
6161.200000013749
6271.50000001415
6405.000000014636
6769.600000015962
6868.300000016321
6919.100000016506
7262.800000017756
7438.600000018396
7761.200000019569
7976.100000020351
8164.2000000210355
8577.900000015521
8679.100000014048
8896.80000001088
9090.800000008056
9584.10000000088
9658.499999999796
9754.599999998398
9889.299999996438
190.50000000010905
614.3000000000891
736.9999999999775
944.6999999997886
1050.4999999996924
1393.99999999938
1484.3999999992975
1611.3999999991822
2042.1999999987904
2377.299999999983
2966.100000002125
3039.3000000023912
3192.5000000029486
3850.400000005342
4082.900000006188
4295.20000000696
5006.100000009546
5158.100000010099
5333.000000010736
5473.000000011245
5613.300000011755
6162.8000000137545
6272.2000000141525
6406.30000001464
6770.100000015964
6876.600000016351
6921.100000016513
7264.300000017762
7439.9000000184
7971.5000000203345
8165.40000002104
8600.300000015195
8897.400000010872
9092.900000008029
9643.500000000016
9753.199999998418
9896.999999996326
6291.000000014221
8622.00000001488
9679.49999999949
1495.5999999992875
2974.900000002157
3880.600000005452
5342.700000010771
6283.700000014194
6875.500000016347
8629.700000014767
8902.600000010796
9765.699999998236
1486.399999999296
2381.299999999997
2732.700000001276
2970.4000000021406
5168.400000010137
5338.600000010756
6275.5000000141645
6880.600000016366
7278.700000017814
7453.000000018448
7755.300000019548
7979.400000020363
8607.400000015092
8818.300000012023
8911.000000010674
9662.39999999974
9763.499999998268
732.9999999999811
8626.10000001482
192.30000000010943
609.5000000000935
1045.1999999996972
1480.699999999301
1608.0999999991852
1859.1999999989569
2046.2999999987867
2378.699999999988
2619.7000000008647
2971.5000000021446
3039.3000000023912
3194.4000000029555
3854.500000005357
4081.900000006184
4296.400000006965
5032.900000009644
5160.700000010109
5334.10000001074
5476.300000011257
5607.900000011736
6029.000000013268
6273.000000014155
6405.800000014639
6613.200000015393
6876.000000016349
7265.000000017764
7440.500000018403
7625.600000019076
7981.000000020369
8168.800000021052
8601.000000015185
8899.300000010844
9096.000000007982
9637.7000000001
9761.699999998296
9901.099999996266
613.5000000000898
743.2999999999718
1487.299999999295
1613.2999999991805
2070.1999999988657
2380.4999999999945
2978.000000002168
4309.500000007012
5043.300000009682
5180.800000010182
5338.200000010755
5617.600000011771
6277.600000014172
6890.700000016403
7446.100000018423
7984.7000000203825
8601.000000015185
8903.70000001078
9660.699999999764
9761.2999999983
725.499999999988
1487.0999999992953
1690.3999999991104
2069.0999999988617
2381.0999999999967
2722.300000001238
2971.8000000021457
3729.200000004901
4739.000000008575
5178.000000010172
5342.700000010771
6273.600000014158
6713.200000015757
6880.000000016364
7278.200000017812
7721.500000019425
8689.600000013896
9659.999999999774
9752.199999998433
9794.699999997814
1484.4999999992976
2378.399999999987
2970.7000000021417
3208.000000003005
4305.400000006997
5166.200000010129
5336.300000010748
6274.600000014161
6876.900000016352
7442.100000018408
8173.0000000210675
8602.400000015165
8910.300000010684
9660.799999999765
9763.099999998274
725.6999999999878
1688.7999999991118
2715.200000001212
3705.000000004813
4728.400000008536
5198.500000010246
6281.800000014187
6702.000000015716
7706.50000001937
8681.80000001401
9664.699999999706
9750.099999998463
634.7000000000705
1486.9999999992954
1612.9999999991808
2062.9999999988395
2384.500000000009
3853.000000005352
4313.100000007025
5040.00000000967
5174.400000010159
5340.800000010764
5608.700000011739
6276.90000001417
6616.600000015405
6880.400000016365
7451.7000000184435
8600.60000001519
8900.800000010822
9659.69999999978
9772.29999999814
8621.200000014891
8610.400000015048
8622.900000014866
9763.299999998271
197.7000000001107
726.0999999999874
1486.5999999992955
1684.7999999991157
1757.0999999990495
2051.599999998798
2380.4999999999945
2719.9000000012293
3040.300000002395
3691.900000004765
3853.700000005354
4314.30000000703
4743.500000008591
5036.500000009657
5170.900000010146
5338.500000010756
5760.1000000122895
6274.500000014161
6409.800000014653
6696.600000015696
6877.100000016353
7272.10000001779
7446.200000018423
7699.600000019345
7754.100000019544
8176.600000021081
8612.000000015025
8681.900000014008
8762.20000001284
9649.89999999992
9743.999999998552
605.8000000000968
6282.40000001419
7985.900000020387
8602.400000015165
9651.99999999989
944.8999999997884
1487.9999999992945
2069.3999999988628
4308.000000007007
5173.600000010156
5344.800000010779
6277.300000014171
6881.000000016367
7981.900000020372
8604.400000015135
8903.500000010783
9663.299999999726
9777.199999998067
1486.6999999992956
2081.799999998908
2384.500000000009
2733.000000001277
2974.100000002154
4311.300000007019
5043.300000009682
5173.600000010156
5339.400000010759
6276.200000014167
6882.300000016372
7738.000000019485
7992.600000020411
8191.300000021134
8612.900000015012
9661.299999999756
9761.499999998296
7994.90000002042
8617.500000014945
8611.800000015028
194.2000000001099
739.5999999999751
948.2999999997852
1483.4999999992986
1717.099999999086
1852.399999998963
2045.999999998787
2378.2999999999865
2969.8000000021384
3040.7000000023963
3202.500000002985
3849.80000000534
4082.700000006187
4297.500000006969
5035.700000009654
5162.300000010115
5335.900000010746
5481.700000011277
6173.500000013793
6273.600000014158
6405.600000014638
6869.400000016325
6922.400000016518
7269.000000017779
7441.400000018406
7977.900000020358
8171.400000021062
8613.500000015003
8893.900000010923
9094.300000008006
9653.39999999987
9757.89999999835
9887.599999996462
198.50000000011087
1485.3999999992968
1691.4999999991094
2038.6999999987936
2379.799999999992
3206.0000000029977
3695.600000004779
4304.700000006995
5033.300000009645
5167.600000010134
5338.300000010755
5500.800000011346
6023.700000013248
6274.500000014161
6701.100000015713
6879.200000016361
7270.600000017785
7446.400000018424
7754.600000019545
8178.100000021086
8608.20000001508
8685.300000013958
8902.700000010795
9648.799999999936
9755.79999999838
195.20000000011007
1483.6999999992984
1852.8999999989624
2062.6999999988384
2378.199999999986
2730.700000001269
2975.3000000021584
3196.0000000029613
3722.200000004876
4086.800000006202
4300.400000006979
5037.000000009659
5165.500000010126
5335.900000010746
5492.600000011316
6273.500000014157
6406.000000014639
6771.200000015968
6880.900000016367
7270.000000017782
7441.600000018407
8169.600000021055
8605.100000015125
8903.100000010789
9659.59999999978
9753.499999998414
5342.700000010771
6281.900000014188
6891.300000016405
8616.40000001496
8914.200000010627
8614.700000014986
7803.800000019724
8806.300000012197
9784.499999997965
616.9000000000867
1488.499999999294
1616.6999999991774
2080.999999998905
2389.8000000000284
5003.900000009538
5195.100000010234
5340.600000010763
5619.1000000117765
6279.300000014178
6632.400000015463
6922.200000016517
7454.400000018453
7986.9000000203905
8602.200000015167
8901.100000010818
9645.79999999998
9785.99999999794
1489.2999999992933
1846.799999998968
2388.300000000023
2850.400000001704
2973.1000000021504
3845.9000000053256
4854.200000008994
5196.000000010237
5342.000000010768
6280.500000014183
6846.200000016241
6921.2000000165135
7469.100000018507
8900.800000010822
9687.899999999368
195.30000000011012
731.0999999999829
1481.2999999993006
2066.8999999988537
2378.399999999987
2726.100000001252
2970.800000002142
3195.60000000296
3738.200000004934
4297.400000006968
4739.300000008576
5036.800000009658
5167.500000010134
5335.900000010746
6273.000000014155
6408.800000014649
6716.80000001577
6880.700000016366
7264.700000017763
7441.800000018407
7725.400000019439
7982.700000020375
8174.200000021072
8604.000000015141
8691.700000013865
8770.200000012723
8901.70000001081
9656.699999999822
9745.299999998531
1805.5999999990056
2836.8000000016546
3850.3000000053416
6281.700000014187
6801.200000016077
6895.50000001642
7798.500000019705
8613.900000014997
8775.20000001265
8900.800000010822
9684.199999999422
9770.99999999816
8614.100000014994
199.60000000011112
606.1000000000965
932.1999999998
1485.6999999992966
1605.799999999187
1847.999999998967
2064.3999999988446
2378.999999999989
2607.0000000008185
2976.1000000021613
3197.4000000029664
3846.1000000053264
4083.700000006191
4300.800000006981
4986.900000009477
5165.100000010125
5336.200000010747
5604.8000000117245
6036.900000013296
6274.20000001416
6407.300000014644
6612.40000001539
6866.100000016313
6922.800000016519
7272.400000017791
7442.300000018409
7979.300000020363
8172.100000021064
8600.0000000152
8899.000000010848
8998.100000009406
9647.099999999962
9761.899999998292
9892.099999996395
8615.10000001498
9764.999999998246
727.599999999986
2727.6000000012573
6282.800000014191
7733.200000019468
8634.400000014699
9666.899999999674
9760.299999998317
1692.0999999991088
3702.200000004803
5025.100000009616
5345.20000001078
6023.400000013247
6285.2000000142
6699.700000015708
7703.400000019359
8008.80000002047
8612.500000015018
8688.300000013915
9670.899999999616
9754.199999998404
731.6999999999823
8614.700000014986
9789.099999997896
8616.200000014964
199.9000000001112
1484.099999999298
2058.5999999988235
2378.4999999999877
3042.300000002402
3195.8000000029606
3860.100000005377
4298.600000006973
5036.000000009655
5166.200000010129
5336.100000010747
5496.700000011331
6273.700000014158
6408.000000014647
6919.0000000165055
7269.800000017782
7442.100000018408
8170.700000021059
8603.700000015146
8903.900000010777
9657.099999999817
9780.399999998022
622.100000000082
6286.200000014203
8608.20000001508
5346.600000010785
6282.700000014191
8609.500000015061
9676.299999999535
5345.500000010781
6289.8000000142165
6927.100000016535
7986.70000002039
8609.900000015055
8911.700000010664
9653.899999999863
733.7999999999804
9766.599999998223
1487.8999999992946
2070.0999999988653
2382.2000000000007
4334.600000007104
5184.500000010195
5338.600000010756
6278.200000014174
6921.600000016515
7448.10000001843
8179.10000002109
8610.500000015047
9665.999999999687
9761.799999998291
5035.400000009653
5195.700000010236
6279.200000014178
8605.800000015115
9674.199999999568
9759.099999998332
743.8999999999712
1487.5999999992948
1849.7999999989652
2065.89999999885
2381.5999999999985
2977.900000002168
3846.300000005327
4329.200000007084
5035.900000009655
5193.6000000102285
5339.70000001076
6276.800000014169
6407.900000014646
6783.700000016013
6876.800000016352
7473.400000018522
8610.90000001504
8908.200000010715
9670.899999999616
9759.599999998323
8633.300000014715
200.2000000001113
634.5000000000707
729.1999999999846
1485.3999999992968
1687.9999999991126
2060.39999999883
2378.7999999999884
2970.1000000021395
3878.100000005443
4300.60000000698
5035.900000009655
5165.0000000101245
5337.100000010751
6273.800000014158
6409.00000001465
6767.500000015954
6877.400000016354
7280.500000017821
7445.600000018421
7756.100000019551
8171.600000021062
8602.70000001516
8683.600000013983
8901.200000010816
9659.399999999783
9751.499999998445
5042.500000009679
5194.7000000102325
5610.700000011746
6280.200000014182
6930.600000016548
8604.400000015135
8904.000000010776
9668.099999999657
9789.399999997891
2969.400000002137
6285.100000014199
7978.800000020361
8619.600000014914
201.10000000011144
1487.5999999992948
2073.3999999988773
2381.199999999997
2973.00000000215
3202.9000000029864
4300.000000006978
5165.700000010127
5342.200000010769
6275.5000000141645
6881.600000016369
7280.800000017822
7985.300000020385
8174.700000021074
8609.400000015063
8920.700000010533
9664.599999999708
9784.299999997966
194.30000000010992
622.0000000000821
735.8999999999785
1038.4999999997033
1484.5999999992976
1614.7999999991791
1689.8999999991108
1775.0999999990331
2035.999999998796
2378.7999999999884
2727.500000001257
2969.5000000021373
3036.20000000238
3198.3000000029697
3713.1000000048425
3878.500000005444
4085.300000006197
4299.100000006974
5012.800000009571
5163.000000010117
5335.600000010745
5492.600000011316
6019.700000013234
6273.200000014156
6406.400000014641
6708.200000015739
6875.000000016345
7266.300000017769
7441.800000018407
7754.800000019546
7985.500000020385
8171.800000021063
8600.70000001519
8682.300000014002
8778.00000001261
8900.30000001083
9647.699999999952
9751.399999998444
9897.099999996324
1491.9999999992908
2385.900000000014
5193.100000010227
6280.400000014182
6880.500000016365
8617.20000001495
8904.900000010763
9757.19999999836
734.5999999999797
1489.699999999293
2073.4999999988777
2382.2000000000007
3225.000000003067
5046.300000009693
5173.8000000101565
5339.80000001076
6278.200000014174
6924.400000016525
7447.800000018429
8188.300000021123
8611.200000015036
9663.09999999973
9758.899999998335
5198.200000010245
6282.900000014191
8615.80000001497
9669.29999999964
9756.399999998372
5618.800000011775
8608.000000015083
9783.199999997982
5195.900000010237
8622.100000014878
9762.199999998287
1054.299999999689
1487.8999999992946
2036.7999999987956
2380.399999999994
3034.4000000023734
4034.1000000060094
4317.300000007041
5029.400000009631
5186.500000010203
5338.500000010756
6021.30000001324
6278.000000014174
6881.500000016369
7445.000000018419
7763.400000019577
8604.200000015138
8693.40000001384
9671.599999999606
9755.699999998382
1783.4999999990257
6284.700000014198
6785.800000016021
8615.300000014977
9762.899999998275
1492.2999999992903
2069.199999998862
2385.4000000000124
2971.600000002145
5037.100000009659
5186.500000010203
5340.900000010764
6279.600000014179
6884.1000000163785
7764.600000019582
7985.400000020385
8612.30000001502
8905.000000010761
9672.599999999591
9756.49999999837
188.00000000010849
617.6000000000861
741.0999999999738
1045.8999999996963
1391.799999999382
1482.2999999992996
1849.2999999989656
2055.7999999988133
2376.999999999982
2740.1000000013028
2965.1000000021213
3038.90000000239
3192.2000000029475
3849.4000000053375
4079.400000006175
4294.400000006957
4992.100000009496
5156.400000010093
5332.500000010734
5480.700000011273
6027.3000000132615
6161.400000013749
6271.300000014149
6406.000000014639
6870.9000000163305
7265.300000017765
7439.200000018398
7811.300000019752
7974.000000020344
8164.000000021035
8602.600000015162
8703.500000013693
8900.600000010825
9092.900000008029
9648.399999999943
9753.199999998418
9891.8999999964
5186.500000010203
6283.000000014192
8640.300000014613
9771.399999998152
2394.000000000044
5341.2000000107655
6282.60000001419
6891.800000016407
8614.300000014991
198.7000000001109
736.6999999999778
1041.4999999997003
1389.8999999993837
1483.999999999298
1768.899999999039
1848.099999998967
2041.1999999987916
2377.499999999984
2852.4000000017118
2971.7000000021453
3037.4000000023843
3194.800000002957
3746.000000004962
3847.10000000533
4082.400000006186
4296.700000006966
5032.300000009642
5160.200000010107
5333.100000010736
5475.700000011255
6027.00000001326
6272.2000000141525
6404.300000014633
6766.700000015951
6868.600000016322
6921.500000016515
7266.400000017769
7440.600000018403
7753.900000019543
7979.100000020362
8169.400000021054
8601.800000015173
8768.600000012746
8898.700000010853
9096.000000007982
9652.599999999882
9745.399999998532
9895.399999996347
618.2000000000855
5196.400000010239
5606.600000011731
6281.0000000141845
6616.800000015406
6884.000000016378
8602.100000015169
8905.600000010752
9662.799999999734
9777.79999999806
203.10000000011192
614.9000000000885
1485.5999999992966
1610.9999999991826
1852.499999998963
2070.6999999988675
2382.400000000001
2973.500000002152
3217.400000003039
3851.800000005347
4315.700000007035
5038.600000009665
5172.00000001015
5508.200000011373
5614.900000011761
6278.700000014176
6627.400000015445
6873.700000016341
7282.000000017826
8176.600000021081
8603.200000015153
8901.800000010808
9659.299999999785
9769.699999998178
5033.500000009646
623.1000000000811
1484.8999999992973
2067.1999999988548
2381.499999999998
2971.5000000021446
3200.7000000029784
4300.70000000698
5042.100000009677
5168.800000010138
5338.900000010757
6273.700000014158
6876.700000016352
7268.500000017777
7984.10000002038
8177.000000021082
8603.600000015147
8899.700000010838
9658.999999999787
9767.599999998209
1486.0999999992962
1615.0999999991789
2070.0999999988653
2380.399999999994
2979.600000002174
4312.400000007023
5041.700000009676
5187.300000010206
5337.500000010752
6275.700000014165
6886.700000016388
7456.30000001846
7985.500000020385
8601.000000015185
9650.69999999991
9755.09999999839
1492.1999999992906
2387.1000000000186
3045.2000000024127
5035.200000009652
5341.2000000107655
6021.200000013239
6281.600000014187
6924.000000016524
8618.50000001493
9774.099999998114
1485.6999999992966
2071.2999999988697
2380.299999999994
4306.200000007
5039.700000009669
5176.800000010167
5337.700000010753
6275.5000000141645
6881.500000016369
7277.400000017809
7450.80000001844
8180.300000021094
8615.500000014974
9660.399999999769
9761.99999999829
6284.400000014197
8607.400000015092
8618.700000014927
8614.300000014991
9678.099999999513
9780.399999998022
2075.8999999988864
5189.700000010214
6278.8000000141765
6922.000000016516
8911.30000001067
9682.89999999944
8613.500000015003
189.9000000001089
440.900000000166
675.6000000000333
1042.7999999996994
1482.1999999992995
2037.9999999987945
2377.599999999984
2972.700000002149
3037.000000002383
3192.8000000029497
4079.400000006175
4295.10000000696
5010.800000009564
5160.400000010108
5334.10000001074
5496.40000001133
6023.200000013247
6166.400000013768
6272.600000014154
6410.000000014654
6879.7000000163625
7264.300000017762
7439.600000018399
7983.600000020378
8167.500000021047
8601.40000001518
8900.400000010828
9074.900000008289
9649.699999999924
9762.69999999828
1493.7999999992892
2070.1999999988657
4317.800000007042
5173.600000010156
6277.800000014173
7274.200000017798
8604.700000015131
8905.700000010751
9660.199999999772
210.9000000001137
1486.8999999992957
2044.899999998788
2379.5999999999917
2968.900000002135
3040.900000002397
4025.70000000598
4305.300000006997
5005.600000009545
5167.400000010133
5339.200000010758
6020.200000013236
6274.700000014162
6773.200000015975
6876.900000016352
7272.800000017793
7445.20000001842
7979.400000020363
8175.400000021076
8610.90000001504
8899.700000010838
9659.799999999776
9756.099999998376
194.10000000010987
616.3000000000873
1255.6999999995055
1484.199999999298
2047.9999999987847
2378.599999999988
3192.600000002949
4294.800000006959
5035.300000009653
5161.200000010111
5334.700000010742
5495.800000011328
6175.500000013801
6273.100000014156
6879.800000016363
7264.200000017761
7444.200000018416
7993.5000000204145
8170.400000021058
8601.000000015185
8904.800000010764
9094.800000008
9649.799999999925
9758.59999999834
1489.0999999992937
2076.89999999889
2384.200000000008
2975.200000002158
4315.200000007033
5172.400000010151
5345.400000010781
6276.000000014166
8611.800000015028
9662.499999999738
9785.39999999795
5619.000000011776
6282.700000014191
8607.400000015092
615.7000000000878
1487.9999999992945
1610.3999999991831
3850.400000005342
5176.900000010168
5603.50000001172
6276.200000014167
6609.300000015379
7272.600000017792
8600.300000015195
9666.699999999675
9783.499999997975
617.3000000000864
1486.6999999992956
2075.299999998884
2389.400000000027
2605.9000000008145
4306.500000007001
5167.700000010134
5605.700000011728
6277.10000001417
6613.300000015393
6921.900000016516
7278.400000017813
8601.30000001518
8900.400000010828
9658.999999999787
9785.199999997953
1784.3999999990249
6279.9000000141805
8611.500000015032
8775.600000012644
9756.899999998364
199.100000000111
616.4000000000872
1483.8999999992982
1608.4999999991849
1849.6999999989653
2063.999999998843
2378.2999999999865
2970.1000000021395
3201.700000002982
3853.9000000053543
4297.80000000697
5030.900000009637
5165.100000010125
5335.300000010744
5608.1000000117365
6033.000000013282
6273.200000014156
6408.500000014648
6630.900000015457
6875.200000016346
7271.300000017787
7442.300000018409
7977.600000020357
8172.200000021065
8600.60000001519
8898.100000010862
9105.70000000784
9647.099999999962
9759.19999999833
9897.29999999632
8628.300000014788
201.7000000001116
732.9999999999811
1484.5999999992976
2057.099999998818
2379.799999999992
2978.700000002171
3874.7000000054304
4300.100000006978
5164.700000010123
5337.00000001075
6274.000000014159
6780.300000016001
6879.400000016361
7267.600000017774
7446.400000018424
8173.500000021069
8604.600000015133
8689.900000013891
8905.600000010752
9650.599999999911
9781.499999998006
6288.400000014211
8618.300000014933
8635.800000014679
9779.89999999803
2974.100000002154
6920.900000016512
8621.700000014884
189.3000000001088
445.1000000001669
634.1000000000711
1042.9999999996992
1392.0999999993817
1485.299999999297
1773.0999999990352
2006.1999999988232
2070.599999998867
2377.599999999984
2969.5000000021373
3031.800000002364
3194.600000002956
3850.800000005344
4009.20000000592
4086.500000006201
4295.10000000696
4990.800000009491
5044.200000009685
5161.00000001011
5335.500000010745
6003.800000013176
6168.500000013775
6271.900000014151
6407.300000014644
6767.600000015955
6875.800000016348
7019.400000016871
7264.600000017763
7440.300000018402
7800.500000019712
7978.300000020359
8168.900000021053
8604.200000015138
8774.200000012665
8898.300000010859
8999.400000009387
9104.200000007862
9648.199999999946
9750.99999999845
8616.700000014956
9774.899999998102
6283.900000014195
5192.400000010224
1487.8999999992946
2035.999999998796
2384.4000000000087
2971.900000002146
4023.300000005971
5008.500000009555
5171.6000000101485
5340.600000010763
6019.6000000132335
6278.100000014174
6878.800000016359
7450.000000018437
7980.100000020366
8612.500000015018
8904.500000010768
9661.199999999755
9759.099999998332
194.10000000010987
735.9999999999784
1483.3999999992986
1683.2999999991168
2065.399999998848
2378.2999999999865
2735.4000000012857
2969.9000000021388
3193.3000000029515
3729.200000004901
4296.700000006966
5034.7000000096505
5165.400000010126
5336.400000010748
6273.400000014157
6408.500000014648
6703.900000015723
6876.400000016351
7269.30000001778
7442.200000018409
7705.100000019365
8169.200000021054
8606.600000015103
8681.600000014012
8900.200000010831
9647.799999999952
9752.499999998428
199.60000000011112
614.3000000000891
1484.2999999992978
1607.199999999186
1847.8999999989671
2061.3999999988337
2379.5999999999917
2978.4000000021697
3213.4000000030246
3847.3000000053303
4304.200000006993
5035.700000009654
5167.2000000101325
5337.700000010753
6274.500000014161
6409.800000014653
6863.100000016302
7265.700000017767
7442.700000018411
7986.70000002039
8174.800000021074
8601.100000015183
8899.500000010841
9658.599999999797
9761.099999998303
9892.899999996383
731.1999999999828
1491.799999999291
2073.1999999988766
4313.400000007026
5176.900000010168
6278.100000014174
8608.400000015077
9650.799999999908
2983.9000000021897
5197.900000010244
6284.000000014195
6878.800000016359
8615.300000014977
8908.200000010715
9796.99999999778
5012.400000009569
6282.40000001419
8005.800000020459
8623.200000014862
9764.299999998257
8614.40000001499
2973.7000000021526
6287.200000014207
7978.200000020359
8622.100000014878
9775.999999998086
1485.9999999992965
2067.299999998855
2380.099999999993
4312.700000007024
5169.000000010139
5339.60000001076
6277.10000001417
6878.800000016359
8612.700000015015
8905.600000010752
9661.599999999751
9757.499999998356
608.2000000000946
1488.399999999294
1605.6999999991874
2086.999999998927
2600.700000000796
5173.700000010156
5602.300000011715
6277.10000001417
6605.900000015367
6878.90000001636
7610.30000001902
8601.100000015183
8905.500000010754
9793.099999997838
5190.400000010217
5345.400000010781
6280.500000014183
8617.500000014945
2972.0000000021464
6283.500000014194
7974.600000020346
8618.50000001493
3861.200000005381
6281.600000014187
6884.50000001638
8612.900000015012
9793.999999997824
739.2999999999754
1487.299999999295
2076.599999998889
2381.699999999999
2969.8000000021384
5172.200000010151
5339.0000000107575
6277.300000014171
6920.600000016511
7456.1000000184595
7970.700000020332
8610.000000015054
8906.200000010744
9664.899999999703
9761.2999999983
191.0000000001092
614.2000000000892
1257.0999999995045
1483.6999999992984
1608.5999999991848
1846.2999999989688
2054.499999998809
2377.599999999984
2604.900000000811
2852.500000001712
2969.700000002138
3192.5000000029486
3844.900000005322
4086.2000000062
4293.600000006954
5033.400000009646
5159.300000010104
5334.000000010739
5487.200000011297
5605.500000011727
6164.40000001376
6271.50000001415
6611.600000015387
6863.600000016304
6920.400000016511
7261.300000017751
7440.900000018404
7973.900000020343
8168.30000002105
8599.700000015204
8897.300000010873
9094.800000008
9649.199999999932
9757.999999998348
9865.79999999678
6286.900000014206
8616.40000001496
9754.999999998392
8617.600000014943
9770.99999999816
1499.6999999992838
5190.200000010216
6280.400000014182
6878.400000016358
8609.900000015055
9672.399999999594
194.30000000010992
1481.9999999993
1864.299999998952
2068.399999998859
2378.2999999999865
2972.8000000021493
3195.2000000029584
3848.3000000053344
4297.300000006968
5034.60000000965
5162.000000010114
5335.7000000107455
6174.500000013797
6274.500000014161
6871.100000016331
7274.9000000178
7441.100000018405
7987.500000020393
8170.100000021057
8603.700000015146
8898.800000010851
9658.89999999979
9777.299999998068
9895.699999996345
1487.9999999992945
2073.899999998879
4322.200000007058
5201.200000010256
5343.200000010773
6278.300000014175
8611.100000015038
9772.599999998136
9770.29999999817
637.1000000000683
1491.2999999992917
1615.0999999991789
5185.400000010199
5341.600000010767
5611.600000011749
6281.500000014186
6923.700000016523
7987.400000020392
8601.800000015173
9668.49999999965
9763.599999998269
8614.500000014988
8611.500000015032
8666.300000014235
5196.500000010239
6279.9000000141805
8623.700000014855
9659.899999999776
9777.999999998056
