730.0999999999838
1748.1999999990578
2740.8000000013053
2750.8000000013417
3728.9000000049
3746.1000000049626
4750.400000008616
5742.400000012225
5754.80000001227
7745.200000019511
7770.600000019604
8747.900000013047
9746.699999998513
9762.299999998286
753.2999999999627
786.999999999932
617.9000000000858
631.2000000000737
8626.400000014815
3935.2000000056505
3947.100000005694
6934.4000000165615
6944.200000016597
8014.30000002049
9958.399999995432
9987.899999995005
720.0999999999929
730.0999999999838
1783.199999999026
1815.6999999989964
2784.8000000014654
4814.60000000885
5772.2000000123335
5789.300000012396
7755.400000019548
7770.100000019602
9756.999999998365
9774.39999999811
737.499999999977
754.1999999999618
772.7999999999449
1759.6999999990471
6769.10000001596
7769.800000019601
5023.800000009611
999.3999999997388
1978.899999998848
2012.999999998817
3000.700000002251
3038.6000000023887
3990.4000000058513
4006.300000005909
5006.300000009547
5982.300000013098
5992.900000013136
8033.50000002056
8990.500000009517
9996.199999994882
