591.1000000001102
1605.3999999991877
1764.399999999043
2598.4000000007877
2729.9000000012657
2978.800000002171
3739.300000004938
4584.100000008011
4998.500000009519
5589.100000011667
6578.100000015265
6768.600000015958
6869.600000016326
7750.30000001953
7990.500000020404
8584.20000001543
8610.30000001505
8764.600000012804
8905.200000010758
9583.500000000888
9750.39999999846
9887.999999996457
1606.7999999991864
1764.9999999990423
2600.500000000795
2733.4000000012784
3743.200000004952
3918.60000000559
4586.60000000802
5590.400000011672
6577.300000015262
6768.700000015959
6875.000000016345
7753.300000019541
8584.600000015424
8610.500000015047
8766.000000012784
8902.500000010798
9583.30000000089
9748.89999999848
9886.899999996473
574.9000000001249
1605.099999999188
2579.5000000007185
3578.000000004351
3745.000000004959
3915.000000005577
4571.500000007965
5572.800000011608
6567.600000015227
6874.200000016343
6922.800000016519
7755.200000019548
8577.100000015533
8615.000000014981
8906.100000010745
9576.700000000988
9755.599999998383
9895.399999996347
1605.4999999991876
1762.199999999045
2590.100000000757
2728.500000001261
2970.1000000021395
3740.600000004943
3918.000000005588
4579.5000000079945
5585.500000011654
6570.500000015238
6766.40000001595
6874.900000016345
7737.100000019482
7984.500000020382
8580.600000015482
8610.90000001504
8763.900000012814
8900.800000010822
9582.800000000898
9751.299999998446
9888.899999996444
582.1000000001184
1609.1999999991842
1767.9999999990398
2583.100000000732
3588.400000004389
3743.700000004954
3915.80000000558
4579.100000007993
5580.600000011636
6573.100000015247
6775.000000015982
6885.200000016383
7754.900000019546
8580.00000001549
8616.300000014962
8770.40000001272
8904.100000010774
9580.200000000936
9753.79999999841
9893.89999999637
1606.7999999991864
1766.2999999990411
2600.4000000007945
2730.000000001266
3744.7000000049575
4586.800000008021
5591.800000011677
6577.500000015263
6770.200000015964
6852.700000016264
7753.8000000195425
8587.000000015389
8608.700000015073
8765.500000012791
8905.80000001075
9583.500000000888
9754.199999998404
9889.899999996427
608.0000000000948
727.8999999999858
1602.1999999991906
1759.999999999047
2599.8000000007924
2716.1000000012154
3719.100000004864
3921.5000000056007
4586.50000000802
4737.900000008571
5591.100000011675
6576.100000015258
6770.3000000159645
6890.4000000164015
7723.200000019431
8588.100000015373
8600.900000015186
8762.700000012832
8900.400000010828
9595.600000000712
9745.699999998527
9887.399999996464
584.8000000001159
1610.2999999991832
1767.89999999904
2582.100000000728
2728.40000000126
3739.80000000494
3914.700000005576
4575.700000007981
5580.700000011637
6570.700000015238
6787.200000016026
6888.900000016396
7736.60000001948
8578.900000015507
8615.600000014972
8766.30000001278
8901.00000001082
9579.400000000947
9748.699999998484
9886.999999996471
930.3999999998016
1607.4999999991858
1765.1999999990423
2601.400000000798
2734.5000000012824
3742.800000004951
3914.1000000055737
4591.700000008039
5598.1000000117
6577.200000015262
6769.600000015962
6879.400000016361
7744.000000019507
8589.500000015352
8608.800000015071
8765.900000012785
8898.300000010859
9589.300000000803
9751.69999999844
9885.999999996486
612.3000000000909
1607.099999999186
1761.3999999990458
2591.200000000761
2724.4000000012456
3728.9000000049
3918.800000005591
4582.100000008004
5584.900000011652
6575.400000015256
6766.40000001595
6844.000000016233
6918.800000016505
7737.300000019482
8582.000000015461
8612.600000015016
8763.600000012819
8898.90000001085
9582.100000000908
9660.099999999771
9750.99999999845
9885.69999999649
602.5000000000998
1767.4999999990405
2586.800000000745
2730.300000001267
3744.5000000049567
4582.800000008007
5583.300000011646
6575.200000015255
6917.300000016499
7745.800000019513
8582.10000001546
8905.400000010755
9582.300000000903
9753.399999998415
9893.19999999638
615.1000000000884
730.3999999999835
1603.999999999189
1691.899999999109
1757.5999999990493
2590.80000000076
2714.5000000012096
2972.700000002149
3713.7000000048447
3745.000000004959
3881.500000005455
4580.400000007998
4739.300000008576
5584.000000011649
5753.900000012267
6571.800000015242
6747.600000015882
6865.700000016312
7726.000000019441
8581.800000015464
8609.60000001506
8707.000000013642
8763.900000012814
8901.100000010818
9582.6000000009
9657.699999999808
9743.299999998562
9885.69999999649
1609.8999999991836
1778.0999999990306
2602.400000000802
4583.80000000801
5590.000000011671
6576.300000015259
6881.600000016369
8584.600000015424
8614.200000014993
8902.600000010796
9585.30000000086
9758.399999998344
9890.49999999642
741.4999999999734
1606.499999999187
1753.499999999053
2597.900000000785
2723.700000001243
2969.700000002138
3722.900000004878
3917.900000005588
4584.500000008013
4753.300000008627
5586.500000011658
5766.200000012312
6574.900000015254
6762.900000015938
6865.400000016311
7729.300000019453
8583.000000015447
8615.300000014977
8758.900000012887
8899.800000010837
9583.200000000892
9745.699999998527
9886.199999996485
4592.00000000804
5605.700000011728
6576.50000001526
6919.200000016506
8587.300000015384
9586.200000000848
9784.399999997964
605.1000000000975
1599.6999999991929
1765.9999999990416
2596.30000000078
2729.400000001264
2973.200000002151
3741.000000004944
4582.500000008005
5586.800000011659
6574.00000001525
6768.500000015958
6874.900000016345
7740.500000019494
7986.000000020387
8584.20000001543
8602.300000015166
8764.700000012803
8904.200000010773
9582.800000000898
9749.899999998466
9887.399999996464
1608.7999999991846
1764.8999999990426
2603.800000000807
2743.6000000013155
3743.100000004952
5606.20000001173
6586.900000015297
6766.900000015952
6880.000000016364
7754.400000019545
8596.300000015253
8626.000000014821
8765.000000012798
8908.200000010715
9752.99999999842
9887.399999996464
599.2000000001028
741.6999999999732
927.4999999998042
1597.4999999991949
1610.0999999991834
1764.399999999043
2584.7000000007374
2601.400000000798
2726.400000001253
2972.8000000021493
3589.7000000043936
3610.400000004469
3738.900000004936
3915.70000000558
4576.800000007985
4998.500000009519
5581.300000011639
5607.300000011734
6570.100000015236
6602.400000015354
6767.200000015953
6869.700000016326
6936.6000000165695
7607.600000019011
7735.400000019476
7981.800000020372
8579.900000015492
8600.0000000152
8764.800000012801
8900.200000010831
9579.000000000951
9641.80000000004
9748.699999998484
9886.599999996475
590.5000000001107
1606.499999999187
1763.399999999044
2600.200000000794
2728.7000000012613
2969.400000002137
3739.100000004937
3919.200000005592
4582.400000008005
5012.200000009569
5586.300000011657
6575.400000015256
6766.600000015951
6878.100000016357
7735.500000019476
7984.900000020383
8583.300000015442
8613.200000015007
8764.000000012813
8905.300000010757
9581.000000000924
9749.899999998466
9888.49999999645
601.8000000001005
929.1999999998028
1598.8999999991936
1771.2999999990368
2598.100000000786
3604.900000004449
3879.800000005449
4587.800000008025
5002.900000009535
5593.400000011683
5608.000000011736
6575.100000015254
6612.900000015392
6789.800000016036
6872.600000016337
7612.200000019027
7760.4000000195665
7992.100000020409
8585.900000015405
8600.100000015198
8778.200000012606
8903.300000010786
9583.100000000892
9755.699999998382
9887.79999999646
1613.1999999991806
1778.1999999990303
2625.1000000008844
6589.400000015306
8599.500000015207
9756.099999998376
1606.3999999991868
1785.5999999990238
2604.900000000811
2732.0000000012733
3741.2000000049447
3915.000000005577
5604.8000000117245
6582.20000001528
6779.100000015997
6842.400000016227
6918.700000016504
7735.400000019476
8598.200000015226
8788.90000001245
8898.700000010853
9748.799999998482
9890.49999999642
577.000000000123
1604.899999999188
1765.599999999042
2582.100000000728
2736.100000001288
2976.300000002162
3588.400000004389
3746.1000000049626
3920.7000000055978
4575.200000007979
5579.700000011633
6571.400000015241
6770.400000015965
6891.900000016407
7751.500000019534
8577.900000015521
8615.000000014981
8774.50000001266
8907.700000010722
9577.90000000097
9748.699999998484
9894.499999996362
602.4000000000999
1607.199999999186
1761.7999999990454
2582.900000000731
2730.2000000012667
3589.200000004392
3741.000000004944
3926.70000000562
4574.200000007975
5579.900000011634
6569.500000015234
6769.00000001596
6882.100000016371
7739.800000019492
8578.60000001551
8617.000000014952
8765.300000012794
8902.200000010802
9579.100000000952
9748.699999998484
9887.899999996458
667.6000000000406
953.7999999997804
1604.7999999991882
1759.7999999990473
2590.0000000007567
2726.9000000012547
3609.000000004464
3741.100000004944
3852.400000005349
4582.800000008007
5584.500000011651
5776.80000001235
6573.000000015247
6763.100000015938
6841.000000016222
6917.100000016499
7747.300000019519
8582.700000015451
8611.900000015026
8763.200000012825
8897.900000010864
9583.30000000089
9748.499999998488
9866.299999996772
593.8000000001077
1605.9999999991871
1759.1999999990478
2591.1000000007607
2725.300000001249
3731.3000000049087
3918.000000005588
4579.900000007996
5587.5000000116615
6572.000000015243
6766.800000015952
6874.900000016345
7732.000000019463
8584.80000001542
8613.900000014997
8764.700000012803
8900.100000010832
9582.100000000908
9745.49999999853
9887.199999996468
725.8999999999876
1606.5999999991866
1753.9999999990523
2600.800000000796
2719.9000000012293
3720.900000004871
3917.200000005585
4584.700000008013
4742.200000008586
5589.100000011667
5757.60000001228
6575.500000015256
6760.000000015927
6870.80000001633
7729.100000019453
8584.80000001542
8612.000000015025
8756.400000012924
8902.800000010793
9583.900000000882
9663.299999999726
9743.799999998557
9886.499999996478
1614.3999999991795
1770.2999999990377
6588.900000015305
6921.900000016516
8600.60000001519
8770.40000001272
8911.600000010665
9759.599999998323
1767.89999999904
6590.30000001531
6773.900000015978
7759.700000019564
8601.200000015182
8768.100000012753
9755.79999999838
1604.999999999188
2599.400000000791
4584.700000008013
5589.400000011668
6575.500000015256
6862.200000016299
8585.50000001541
8610.000000015054
8900.500000010827
9585.50000000086
9761.3999999983
9894.299999996363
741.2999999999736
935.8999999997966
1605.199999999188
1759.5999999990474
2600.200000000794
2729.600000001265
3741.800000004947
4585.200000008015
5600.200000011708
6576.900000015261
6768.000000015956
6903.70000001645
7736.60000001948
8584.700000015422
8610.30000001505
8763.000000012828
9584.300000000876
9746.89999999851
9894.199999996366
950.899999999783
1607.4999999991858
1771.4999999990366
2596.800000000781
3918.300000005589
4585.200000008015
5004.800000009542
5592.900000011681
6580.500000015274
6874.100000016342
7759.400000019563
7993.900000020416
8584.700000015422
8613.700000015
8772.200000012694
8904.100000010774
9585.100000000864
9756.899999998364
9888.49999999645
593.3000000001082
1606.199999999187
1762.0999999990452
2598.7000000007884
2729.600000001265
2968.4000000021333
3741.100000004944
3925.1000000056138
4581.200000008001
4999.000000009521
5585.800000011655
6573.200000015248
6767.500000015954
6881.80000001637
7735.500000019476
7981.30000002037
8582.600000015453
8613.500000015003
8764.700000012803
8902.400000010799
9582.800000000898
9748.799999998482
9888.39999999645
610.3000000000927
930.3999999998016
1605.6999999991874
1770.2999999990377
2601.9000000008
4591.600000008039
5595.40000001169
6584.700000015289
6892.300000016408
8590.800000015333
8606.000000015112
8770.800000012714
8903.800000010779
9586.10000000085
9756.999999998365
1608.0999999991852
1761.4999999990457
2599.8000000007924
2731.800000001273
3743.300000004952
4590.600000008035
5018.900000009593
5589.90000001167
6580.300000015273
6767.200000015953
6875.000000016345
7753.300000019541
8586.600000015394
8611.400000015034
8764.000000012813
8906.300000010742
9585.600000000855
9747.899999998495
9887.899999996458
1606.6999999991865
1769.2999999990386
2603.500000000806
5603.100000011718
6586.800000015297
6775.500000015984
6917.4000000165
7755.000000019547
8596.800000015246
8767.800000012758
9657.899999999803
9755.299999998388
9889.19999999644
955.199999999779
1608.0999999991852
1769.0999999990388
2595.900000000778
2733.000000001277
2970.20000000214
3745.700000004961
4586.900000008021
5001.800000009531
5589.7000000116695
6578.200000015266
6779.000000015996
6900.700000016439
7754.300000019544
7985.300000020385
8584.300000015428
8612.800000015013
8770.900000012713
8902.600000010796
9583.30000000089
9754.999999998392
9889.599999996432
1613.5999999991802
1766.0999999990415
2613.0000000008404
2730.2000000012667
3745.40000000496
5605.700000011728
6586.200000015295
6771.100000015967
6920.800000016512
7753.20000001954
8598.60000001522
8767.00000001277
9755.499999998385
576.1000000001238
1598.9999999991935
1763.0999999990445
2584.7000000007374
2726.400000001253
3587.8000000043867
3742.400000004949
3916.0000000055807
4579.700000007995
5003.500000009537
5581.70000001164
6572.800000015246
6591.100000015313
6767.900000015956
6870.100000016328
7734.900000019474
8580.900000015477
8610.500000015047
8765.500000012791
8899.500000010841
9581.800000000912
9692.799999999295
9756.399999998372
9886.599999996475
1609.1999999991842
1770.1999999990378
2606.900000000818
3915.500000005579
5606.40000001173
6586.600000015296
6773.900000015978
6868.900000016323
8597.300000015239
8769.500000012733
8898.500000010856
9662.799999999734
9760.399999998312
9889.999999996428
1605.9999999991871
1773.6999999990346
2601.200000000797
5603.000000011718
6587.400000015299
6889.500000016398
8597.20000001524
8909.700000010693
9660.399999999769
9756.599999998369
1600.8999999991918
1769.3999999990383
2598.600000000788
4585.500000008016
5599.800000011706
6575.700000015257
6779.200000015997
6922.600000016519
8594.100000015285
8615.10000001498
8769.500000012733
9759.19999999833
1603.899999999189
1767.69999999904
2600.4000000007945
3921.4000000056
4592.200000008041
5599.000000011703
6580.500000015274
6775.300000015983
6877.800000016356
8590.700000015335
8612.100000015023
8768.900000012742
8902.400000010799
9591.900000000764
9757.499999998356
9887.499999996464
1607.999999999185
1771.199999999037
2608.6000000008244
3746.9000000049655
5606.40000001173
6585.100000015291
6875.400000016347
7755.200000019548
8598.400000015223
8771.8000000127
8911.100000010672
9655.39999999984
9752.599999998429
9891.19999999641
610.4000000000926
1607.299999999186
1772.7999999990354
2601.5000000007985
2970.000000002139
3767.30000000504
3926.500000005619
4587.600000008024
5589.90000001167
6579.100000015269
6883.200000016375
7754.500000019545
7979.200000020362
8586.2000000154
8614.900000014983
8909.000000010703
9585.30000000086
9755.89999999838
9901.699999996255
1761.3999999990458
2731.0000000012697
3746.200000004963
5611.000000011747
6586.900000015297
6788.900000016032
6901.200000016441
7750.50000001953
8599.30000001521
8764.000000012813
8901.500000010812
9749.899999998466
9888.799999996443
610.4000000000926
1603.6999999991892
1764.499999999043
2601.100000000797
3745.100000004959
3928.900000005628
4593.200000008044
5600.4000000117085
6580.000000015272
6768.900000015959
6878.400000016358
7753.900000019543
7995.800000020423
8594.50000001528
8615.80000001497
8767.00000001277
8899.200000010846
9601.400000000627
9750.29999999846
9886.39999999648
1607.7999999991855
1786.099999999023
2606.600000000817
3760.900000005016
5615.600000011764
6594.700000015326
7762.700000019575
8600.500000015192
8771.500000012704
9755.999999998376
930.3999999998016
1602.4999999991903
1768.1999999990396
2600.000000000793
2738.000000001295
3753.5000000049895
3916.400000005582
4593.000000008044
5598.700000011702
6577.900000015265
6775.700000015984
6878.000000016356
7755.500000019549
8591.500000015323
8611.500000015032
8768.600000012746
8900.500000010827
9598.900000000664
9752.99999999842
9887.69999999646
740.4999999999743
1609.399999999184
1758.4999999990484
2600.300000000794
2727.800000001258
3738.700000004936
3875.000000005432
4584.800000008014
5587.00000001166
6575.800000015257
6765.800000015948
6855.300000016274
6919.200000016506
7733.400000019468
8585.000000015418
8613.300000015006
8763.000000012828
8899.100000010847
9583.500000000888
9747.199999998506
9885.899999996487
6589.200000015306
6892.900000016411
8600.200000015197
9760.999999998305
589.7000000001115
930.099999999802
1607.5999999991857
1768.2999999990395
2588.8000000007523
2733.000000001277
2963.400000002115
3747.4000000049673
3918.800000005591
4579.800000007996
4982.40000000946
5583.600000011647
5968.300000013047
6573.90000001525
6780.700000016002
6880.500000016365
7755.000000019547
7969.900000020329
8580.800000015479
8614.000000014996
8770.800000012714
8902.800000010793
9582.300000000903
9756.099999998376
9887.399999996464
635.9000000000694
733.199999999981
1604.7999999991882
1691.999999999109
1757.4999999990494
2599.600000000792
2720.8000000012325
3735.7000000049247
3920.200000005596
4583.80000000801
4747.100000008604
5586.900000011659
5755.600000012273
6574.800000015253
6752.5000000159
6766.600000015951
6875.800000016348
7730.400000019457
8584.10000001543
8609.500000015061
8755.500000012937
8903.800000010779
9583.000000000897
9659.999999999774
9744.999999998538
9886.999999996471
1611.499999999182
1771.9999999990362
2609.4000000008277
2977.8000000021675
5617.100000011769
6585.800000015293
6899.000000016433
7756.0000000195505
7988.800000020397
8599.500000015207
8621.600000014885
9755.699999998382
1608.0999999991852
1765.2999999990425
2605.600000000813
2733.600000001279
3742.100000004948
5605.300000011726
6581.300000015277
6782.200000016008
7735.800000019477
8598.000000015229
8769.600000012731
9679.999999999483
9753.999999998408
575.6000000001243
740.3999999999744
1601.8999999991909
1760.199999999047
2595.700000000777
2720.2000000012304
2970.30000000214
3609.600000004466
3726.0000000048894
3915.4000000055785
4580.500000007998
5001.900000009531
5585.800000011655
6573.100000015247
6611.900000015388
6767.500000015954
6872.500000016336
7647.600000019156
7732.600000019465
7982.200000020373
8582.600000015453
8607.000000015098
8764.300000012809
8899.900000010835
9582.6000000009
9647.999999999947
9748.599999998483
9886.799999996474
931.6999999998004
1605.9999999991871
1765.0999999990424
2598.900000000789
2736.300000001289
3747.900000004969
4581.7000000080025
5586.000000011656
6574.600000015253
6768.700000015959
6883.200000016375
7754.800000019546
8582.600000015453
8613.800000014999
8766.800000012772
8904.100000010774
9583.700000000885
9754.599999998398
9887.79999999646
574.800000000125
1607.099999999186
1767.5999999990402
2601.8000000008
2736.4000000012893
3752.9000000049873
4590.900000008036
4999.300000009522
5597.000000011696
6578.800000015268
6770.600000015966
6879.500000016362
7754.900000019546
8008.400000020469
8586.600000015394
8610.500000015047
8768.200000012752
8905.500000010754
9586.10000000085
9753.599999998412
9889.19999999644
930.7999999998012
1609.399999999184
1770.3999999990376
2601.0000000007967
2965.4000000021224
3747.8000000049688
3919.6000000055938
4587.300000008023
4985.600000009472
5592.400000011679
5970.100000013053
6577.300000015262
6778.100000015993
6875.500000016347
7755.90000001955
7971.5000000203345
8587.000000015389
8610.800000015042
8773.000000012682
8904.500000010768
9585.000000000866
9755.399999998386
9887.899999996458
604.500000000098
737.2999999999772
1600.699999999192
1765.8999999990417
2600.700000000796
2732.200000001274
2976.7000000021635
3606.500000004455
3743.0000000049513
4592.900000008043
5599.800000011706
6577.800000015264
6610.400000015383
6770.3000000159645
6892.900000016411
7622.000000019063
7751.400000019534
7984.300000020381
8590.40000001534
8600.60000001519
8766.700000012774
8908.400000010712
9589.000000000808
9689.599999999344
9757.699999998353
9890.399999996422
575.900000000124
941.7999999997912
1603.599999999189
1687.1999999991133
1770.3999999990376
2588.8000000007523
2721.6000000012355
2976.300000002162
3601.300000004436
3708.500000004826
3902.8000000055326
4582.900000008007
5583.800000011648
6572.900000015246
6700.30000001571
6862.800000016301
6924.800000016527
7731.700000019462
8583.50000001544
8610.100000015053
8769.500000012733
8900.100000010832
9582.900000000896
9678.7999999995
9756.099999998376
9886.199999996485
608.2000000000946
1603.6999999991892
1759.099999999048
2590.7000000007592
2726.100000001252
2968.4000000021333
3737.700000004932
3916.5000000055834
4579.400000007994
5584.700000011651
6573.200000015248
6767.200000015953
6872.900000016338
6924.700000016526
7733.80000001947
7977.700000020357
8580.70000001548
8612.200000015022
8764.20000001281
8899.60000001084
9581.600000000915
9746.099999998522
9886.899999996473
1615.299999999179
1765.9999999990416
2730.1000000012664
3745.2000000049593
6589.600000015307
6787.000000016025
6897.500000016427
7753.500000019541
8601.800000015173
8621.30000001489
8766.800000012772
8901.70000001081
9648.399999999943
9752.799999998424
9892.59999999639
1608.5999999991848
1764.499999999043
2607.6000000008207
5606.40000001173
6587.800000015301
6771.000000015967
6918.900000016505
7755.600000019549
8598.900000015215
8770.40000001272
8908.300000010713
9751.999999998436
9900.399999996276
1612.5999999991811
1765.0999999990424
2613.1000000008407
4596.000000008055
5606.900000011732
6583.800000015286
6770.000000015963
6880.400000016365
7755.200000019548
8597.400000015237
8766.100000012782
9650.09999999992
9754.699999998396
9894.499999996362
1605.799999999187
1766.0999999990415
2596.0000000007785
2735.7000000012868
3745.100000004959
3873.000000005424
4578.900000007992
5582.900000011645
6572.700000015246
6769.00000001596
6865.20000001631
7753.900000019543
8580.00000001549
8611.800000015028
8766.100000012782
8899.700000010838
9581.500000000917
9685.6999999994
9758.49999999834
9885.299999996496
607.5000000000953
1599.499999999193
1765.8999999990417
2591.6000000007625
2730.4000000012675
2976.500000002163
3607.700000004459
3743.0000000049513
3916.0000000055807
4579.300000007994
5581.200000011639
6569.300000015233
6614.100000015396
6769.900000015963
6870.400000016329
7752.600000019538
8580.00000001549
8605.000000015127
8766.30000001278
8900.800000010822
9582.200000000908
9752.699999998424
9887.399999996464
1608.8999999991845
1764.1999999990433
2606.5000000008167
2762.200000001383
3744.400000004957
4593.200000008044
5605.100000011726
6585.700000015293
6768.400000015958
6872.600000016337
7753.600000019542
8593.700000015291
8616.100000014965
8763.900000012814
8904.300000010771
9749.799999998468
9888.39999999645
737.599999999977
1605.9999999991871
1763.299999999044
2600.200000000794
2726.400000001253
3727.700000004896
4585.700000008017
5591.400000011676
6576.100000015258
6769.2000000159605
6871.100000016331
7730.800000019459
8588.500000015367
8603.300000015151
8764.500000012806
8902.900000010792
9586.900000000838
9662.499999999738
9749.399999998474
9887.599999996462
607.4000000000954
734.6999999999796
1603.1999999991897
1758.7999999990482
2599.10000000079
2731.700000001272
3741.100000004944
3928.6000000056265
4583.9000000080105
5587.300000011661
6575.200000015255
6619.500000015416
6765.300000015946
6873.900000016341
7738.100000019485
8584.000000015432
8607.000000015098
8763.000000012828
8903.70000001078
9583.700000000885
9664.699999999706
9750.29999999846
9887.69999999646
2735.000000001284
6592.800000015319
6882.300000016372
7757.800000019557
8602.00000001517
8907.400000010726
9754.199999998404
9901.799999996256
1606.099999999187
1754.7999999990518
2592.9000000007672
2723.5000000012424
2973.500000002152
3727.6000000048953
3880.900000005453
4579.200000007993
4746.600000008602
5582.400000011643
5753.200000012264
6570.500000015238
6762.200000015935
6864.700000016308
6920.000000016509
7730.200000019457
8580.70000001548
8612.800000015013
8754.100000012957
8899.700000010838
9580.800000000929
9673.799999999574
9746.099999998522
9884.799999996503
625.9000000000785
742.2999999999727
1605.8999999991872
1764.399999999043
2603.600000000806
2731.3000000012707
3742.200000004949
5602.100000011715
6582.800000015282
6769.600000015962
6877.200000016353
7749.4000000195265
8594.600000015278
8613.500000015003
8766.200000012781
8908.300000010713
9643.600000000011
9755.599999998383
9886.799999996474
1611.1999999991824
1767.1999999990403
2604.000000000808
3772.7000000050593
4588.3000000080265
5598.400000011701
6576.100000015258
6795.000000016054
6898.900000016432
7754.300000019544
8587.400000015383
8611.70000001503
8772.100000012695
8903.600000010782
9589.5000000008
9755.09999999839
9887.69999999646
1605.8999999991872
1757.799999999049
2581.7000000007265
2717.900000001222
3602.6000000044405
3728.300000004898
3905.400000005542
4577.400000007987
4752.200000008623
5580.100000011635
6572.400000015245
6766.20000001595
6870.400000016329
6924.800000016527
7732.600000019465
8578.60000001551
8615.500000014974
8762.10000001284
8898.90000001085
9578.900000000956
9745.099999998536
9887.299999996469
609.0000000000939
740.9999999999739
1601.9999999991908
1754.9999999990516
2596.100000000779
2720.3000000012307
2974.900000002157
3719.600000004866
3878.200000005443
4578.900000007992
4750.900000008618
5586.4000000116575
5754.80000001227
6573.000000015247
6760.000000015927
6844.900000016236
6918.400000016503
7730.200000019457
8580.100000015489
8607.100000015096
8755.30000001294
8901.00000001082
9581.800000000912
9659.999999999774
9743.999999998552
9886.499999996478
1606.5999999991866
1765.9999999990416
2589.9000000007563
2734.3000000012817
3744.5000000049567
4579.800000007996
5584.500000011651
6575.000000015254
6769.900000015963
6918.500000016504
7754.600000019545
8580.00000001549
8613.100000015009
8767.00000001277
8905.500000010754
9582.300000000903
9754.199999998404
740.6999999999741
1609.599999999184
1765.9999999990416
2611.100000000833
3752.300000004985
6587.200000015298
6773.000000015974
6917.5000000165
7753.600000019542
8599.500000015207
8628.20000001479
8767.200000012766
8903.70000001078
9659.799999999776
9755.599999998383
9890.899999996414
589.8000000001114
1608.699999999185
1766.799999999041
2597.900000000785
2729.9000000012657
2970.20000000214
3740.8000000049433
3916.400000005582
4584.900000008014
5588.500000011665
6572.500000015245
6771.80000001597
6916.200000016495
7737.800000019484
8584.000000015432
8614.40000001499
8768.000000012755
8902.600000010796
9583.700000000885
9752.599999998429
9892.999999996384
739.5999999999751
1606.499999999187
1756.1999999990503
2597.400000000784
2719.1000000012264
2972.0000000021464
3719.9000000048673
3873.800000005427
4581.000000008
4747.900000008607
5586.200000011657
6573.100000015247
6763.300000015939
6843.800000016232
6917.4000000165
7729.400000019454
8582.300000015457
8610.500000015047
8759.600000012877
8899.400000010843
9582.00000000091
9662.499999999738
9745.899999998524
9885.399999996494
