600.5000000001016
1606.7999999991864
2602.8000000008037
5609.00000001174
6605.200000015364
7610.800000019022
8601.800000015173
9611.50000000048
599.000000000103
759.2999999999572
7760.000000019565
9759.799999998322
7728.40000001945
722.8999999999903
771.2999999999463
3716.900000004856
7717.50000001941
9718.199999998928
9751.59999999844
773.6999999999441
1548.1999999992397
1614.0999999991798
2000.0999999988287
2547.800000000603
2614.800000000847
3000.6000000022505
3549.600000004248
3615.0000000044856
4003.200000005898
4548.300000007881
4616.9000000081305
4998.80000000952
5548.100000011518
5615.300000011763
6000.9000000131655
6548.500000015158
6615.2000000154
7005.000000016818
7548.100000018794
7619.500000019054
8001.700000020444
8548.000000015956
8613.400000015004
8998.700000009398
9548.3000000014
9615.500000000422
954.7999999997794
1848.8999999989665
1962.9999999988624
2845.8000000016877
2955.6000000020867
3956.9000000057295
4850.40000000898
5846.600000012604
5955.100000012999
6848.300000016248
6954.800000016636
7852.700000019902
7957.600000020284
9848.099999997035
9901.699999996255
890.9999999998374
997.3999999997408
1961.599999998864
2965.600000002123
4965.8000000094
7975.100000020348
9972.99999999522
582.7000000001178
2975.70000000216
3976.000000005799
4975.700000009436
5973.300000013065
6970.900000016694
8974.900000009744
943.8999999997892
953.99999999978
7964.300000020308
9965.599999995327
601.1000000001011
6622.600000015427
708.8000000000031
723.6999999999896
776.4999999999416
801.3999999999189
817.799999999904
836.1999999998873
1758.3999999990483
1834.899999998979
2773.0000000014224
2831.600000001636
3771.3000000050542
3830.200000005269
4751.200000008619
4775.400000008707
4831.300000008911
5758.400000012283
5830.600000012546
6771.200000015968
6829.40000001618
7752.400000019537
7844.500000019872
8760.10000001287
8832.100000011822
9752.199999998433
9772.799999998131
9830.599999997292
1849.8999999989653
9849.699999997014
604.9000000000976
642.9000000000631
1625.6999999991692
2624.900000000884
4625.00000000816
5625.5000000118
6625.000000015436
7625.400000019075
8625.300000014831
9626.200000000266
9645.89999999998
721.4999999999916
731.3999999999826
1631.499999999164
1942.8999999988807
2945.50000000205
3936.000000005653
4934.000000009284
4948.900000009338
5630.1000000118165
6630.900000015457
6936.900000016571
8629.400000014772
8947.300000010146
9933.999999995787
9943.099999995657
8625.200000014833
603.3000000000991
838.9999999998847
951.799999999782
1604.5999999991884
1954.8999999988696
2606.800000000818
2986.8000000022
3605.700000004452
3801.700000005165
3944.0000000056825
3956.500000005728
4606.200000008092
4799.900000008796
4986.000000009473
5605.500000011727
5963.200000013028
5988.100000013119
6606.80000001537
6798.700000016068
6951.100000016622
6962.300000016663
6987.800000016756
7607.100000019009
7795.300000019693
7988.400000020396
8605.700000015117
8799.600000012295
8960.600000009952
8989.200000009536
9799.199999997749
9953.199999995508
9988.099999995
816.0999999999055
8702.100000013714
729.0999999999847
1703.4999999990985
2702.200000001165
3702.200000004803
4703.100000008444
5705.600000012091
6705.000000015727
7704.500000019363
8702.40000001371
9704.499999999129
2846.400000001689
3984.700000005831
4984.400000009468
6975.20000001671
7988.300000020396
8985.700000009587
9985.599999995036
609.4000000000935
824.6999999998977
2610.20000000083
604.1000000000984
806.0999999999146
1792.2999999990177
2800.400000001522
3799.7000000051576
4796.100000008782
5804.30000001245
6798.000000016065
7794.500000019691
8797.400000012327
9776.799999998077
9804.299999997676
677.100000000032
706.0000000000057
2972.700000002149
714.499999999998
734.6999999999796
598.0000000001039
1625.899999999169
3628.100000004533
4600.500000008071
5626.500000011803
6626.00000001544
7626.500000019079
8602.70000001516
588.000000000113
2005.7999999988235
3004.600000002265
4003.000000005897
5003.700000009538
6002.20000001317
7004.800000016818
8002.900000020449
9002.60000000934
826.1999999998964
1820.399999998992
2816.20000000158
4818.200000008863
5819.900000012507
6818.900000016141
7821.200000019788
5742.200000012224
9751.899999998435
707.1000000000047
5994.200000013141
8609.60000001506
713.5999999999988
732.5999999999815
1689.2999999991114
1711.3999999990913
2688.9000000011165
3688.9000000047545
3715.400000004851
4690.700000008399
4751.100000008619
5688.80000001203
6715.100000015764
8705.300000013667
8739.50000001317
9689.399999999348
4747.500000008606
715.2999999999972
724.7999999999886
740.6999999999741
838.3999999998853
949.2999999997844
2843.500000001679
3727.300000004894
6793.400000016049
8793.000000012391
9797.499999997774
4742.300000008587
8742.90000001312
605.1000000000975
2013.5999999988164
2693.9000000011347
3017.200000002311
3694.4000000047754
4009.500000005921
4701.90000000844
5009.300000009558
5693.300000012046
5741.00000001222
6015.600000013219
6691.900000015679
6741.60000001586
7011.400000016842
7700.2000000193475
8009.200000020472
8687.400000013928
9014.100000009174
598.2000000001037
609.1000000000938
638.600000000067
1608.0999999991852
1625.2999999991696
1650.3999999991468
2608.7000000008247
2628.800000000898
3624.100000004519
3984.100000005829
4608.6000000081
4638.300000008208
4991.300000009493
5608.300000011737
5627.700000011808
6609.900000015381
6627.700000015446
7622.600000019065
7988.800000020397
8607.600000015089
8624.500000014843
9625.20000000028
1891.8999999989271
1949.299999998875
2940.7000000020325
3891.600000005492
3940.50000000567
4892.200000009132
5891.800000012769
5947.000000012969
6891.800000016407
6940.100000016582
7891.700000020044
8891.100000010963
9891.699999996405
704.3000000000072
720.3999999999926
758.6999999999578
771.599999999946
803.9999999999166
1696.7999999991046
1710.2999999990925
1756.5999999990502
1771.199999999037
2706.40000000118
2755.7000000013595
2783.100000001459
3701.3000000048
3716.500000004855
3755.1000000049953
3768.9000000050455
3784.100000005101
4755.300000008634
4767.200000008677
5756.500000012276
5769.500000012324
5784.800000012379
6708.900000015741
6754.9000000159085
6770.800000015966
7699.400000019345
7752.300000019537
7764.400000019581
8700.600000013736
8752.400000012982
8763.900000012814
8788.000000012464
9711.599999999024
9749.999999998465
9758.299999998344
3945.000000005686
6945.300000016601
8946.30000001016
9946.699999995602
718.5999999999942
726.3999999999871
1737.999999999067
2731.900000001273
2750.600000001341
3724.1000000048825
3738.200000004934
4725.100000008524
4739.000000008575
5724.100000012159
5735.700000012201
5761.500000012295
6739.900000015854
7727.600000019447
7741.100000019496
8703.400000013695
8741.400000013142
8763.200000012825
9737.89999999864
9753.999999998408
705.2000000000064
717.4999999999952
726.8999999999867
1687.499999999113
1709.1999999990933
1722.1999999990817
1745.79999999906
2698.5000000011514
2714.000000001208
2726.400000001253
2741.600000001308
3691.800000004765
3706.0000000048167
3715.9000000048527
3725.300000004887
4701.300000008438
4709.8000000084685
4724.300000008521
5698.800000012066
5710.400000012109
5724.900000012161
5742.200000012224
6689.700000015671
6707.600000015736
6719.7000000157805
7708.400000019377
7720.20000001942
7731.400000019461
8687.000000013933
8709.100000013612
8721.100000013437
8732.900000013266
9688.899999999354
9709.299999999055
9724.999999998829
9742.999999998568
718.1999999999946
740.6999999999741
2727.1000000012555
3736.8000000049287
4725.400000008525
5730.600000012182
6722.30000001579
8727.000000013351
9952.799999995514
2730.500000001268
3732.800000004914
4731.500000008547
5731.400000012185
7731.8000000194625
8731.700000013283
9732.599999998718
2748.3000000013326
5747.100000012242
796.1999999999236
809.9999999999111
3805.100000005177
6805.800000016094
7804.900000019728
572.600000000127
889.7999999998385
6958.70000001665
8602.600000015162
1797.5999999990129
2798.200000001514
3797.400000005149
4796.900000008785
5797.200000012424
6795.800000016057
7794.800000019692
8796.900000012334
9796.499999997788
604.1000000000984
929.899999999802
966.2999999997688
1977.4999999988493
2976.500000002163
2991.100000002216
3977.300000005804
4977.800000009444
5986.100000013112
6976.900000016716
7977.400000020356
7990.100000020402
8976.50000000972
8992.40000000949
9976.699999995166
808.4999999999125
788.099999999931
2797.600000001512
4797.300000008787
5796.00000001242
6796.800000016061
7795.400000019694
8797.300000012328
9798.199999997763
707.3000000000045
731.7999999999822
1729.6999999990746
1743.1999999990624
2703.60000000117
2729.0000000012624
2742.900000001313
3705.800000004816
3727.900000004896
4709.600000008468
4726.400000008529
4745.100000008597
5725.900000012165
5742.400000012225
6705.90000001573
6742.300000015863
7711.100000019387
7742.900000019503
8699.400000013753
8726.200000013363
9645.79999999998
9701.899999999165
9735.29999999868
9753.699999998413
929.5999999998024
1681.999999999118
2683.600000001097
8685.600000013954
8760.000000012871
9760.299999998317
723.8999999999894
1726.2999999990775
2727.200000001256
3726.400000004891
4726.200000008528
5726.600000012168
6727.300000015808
7725.800000019441
8727.400000013346
9725.899999998815
2970.000000002139
2984.800000002193
6914.70000001649
7972.800000020339
704.9000000000067
714.9999999999975
728.8999999999849
813.399999999908
1677.9999999991217
1695.8999999991054
1725.6999999990785
1739.9999999990653
2678.5000000010787
2695.100000001139
2733.600000001279
2740.8000000013053
3682.1000000047297
3695.5000000047785
3735.1000000049225
3748.700000004972
4682.400000008369
4698.8000000084285
4718.300000008499
4740.100000008579
5679.600000011997
5695.900000012056
5738.800000012212
6682.100000015644
6695.100000015691
6736.400000015841
6747.400000015881
7681.60000001928
7699.900000019346
7733.90000001947
7743.100000019504
8678.200000014062
8694.900000013818
8728.400000013331
8740.700000013152
9679.59999999949
9700.399999999188
9727.099999998798
9739.199999998622
682.600000000027
709.2000000000028
757.9999999999584
814.8999999999066
1769.2999999990386
2809.8000000015563
3692.100000004766
5813.000000012482
6769.2000000159605
7756.500000019552
7811.600000019753
8811.300000012125
611.5000000000916
937.8999999997948
965.8999999997692
2940.600000002032
2973.00000000215
4942.600000009315
6972.000000016698
8939.800000010255
9973.599999995213
935.499999999797
1785.6999999990237
4783.700000008737
5785.300000012381
6796.40000001606
8786.400000012487
9784.399999997964
577.6000000001225
2007.0999999988223
3008.9000000022806
4008.0000000059154
4998.600000009519
5007.500000009552
7007.900000016829
8007.000000020464
9007.400000009273
700.8000000000104
712.3
1698.8999999991026
1742.499999999063
2742.10000000131
3703.2000000048074
4745.200000008597
5705.900000012092
6746.200000015877
7713.300000019395
8746.30000001307
9705.099999999118
2742.400000001311
612.5000000000907
917.0999999998136
941.4999999997916
1612.0999999991816
2612.80000000084
6943.400000016594
7990.600000020404
8612.900000015012
706.6000000000051
813.6999999999077
1768.3999999990394
3746.3000000049633
4747.200000008605
5768.300000012319
9750.39999999846
985.5999999997514
947.699999999786
730.0999999999838
965.6999999997696
715.1999999999973
735.6999999999787
942.2999999997908
1961.7999999988635
9961.29999999539
608.2000000000946
916.599999999814
968.7999999997668
996.6999999997412
1976.2999999988504
1988.4999999988397
2976.800000002164
3976.2000000058
3988.900000005846
4976.70000000944
4992.000000009495
5977.000000013079
5988.600000013121
6977.400000016718
7977.200000020355
8976.60000000972
8988.100000009552
9976.299999995172
9989.199999994984
611.6000000000915
2627.4000000008928
5610.500000011745
5624.700000011797
8620.100000014907
578.4000000001217
600.5000000001016
1606.499999999187
2607.0000000008185
3608.300000004461
4608.200000008099
5607.600000011735
6607.400000015372
7608.700000019015
8605.40000001512
9608.80000000052
2013.0999999988169
3010.3000000022857
4011.200000005927
4998.000000009517
5010.000000009561
6011.9000000132055
7009.000000016833
8009.400000020472
9012.500000009197
568.1000000001311
1567.4999999992222
1997.0999999988317
2569.700000000683
2995.7000000022326
3910.40000000556
3994.700000005867
4583.70000000801
4996.400000009511
5570.5000000116
5918.900000012867
5986.500000013113
5996.300000013149
6568.40000001523
6917.100000016499
6996.8000000167885
7995.400000020421
8574.900000015565
8995.500000009444
9574.100000001024
9995.999999994883
606.4000000000963
797.1999999999227
3798.700000005154
9795.899999997797
1004.9999999997336
1998.59999999883
4997.000000009513
7995.900000020423
8996.100000009435
9996.39999999488
709.3000000000027
731.1999999999828
762.9999999999538
1694.5999999991066
1746.2999999990595
1788.299999999021
2695.40000000114
2731.600000001272
2785.9000000014694
3694.700000004776
3704.600000004812
3746.400000004964
3786.200000005109
4706.800000008458
4785.900000008745
5697.200000012061
5785.700000012383
6697.000000015698
6744.700000015871
7697.600000019338
7751.200000019533
8695.600000013808
8744.200000013101
8787.200000012475
9704.89999999912
9737.199999998653
9747.299999998504
9774.799999998104
694.5000000000161
795.799999999924
816.1999999999055
828.3999999998944
943.9999999997892
958.499999999776
1787.3999999990222
1795.7999999990143
1943.89999999888
1953.8999999988707
2799.70000000152
2843.70000000168
2943.4000000020424
2953.900000002081
3794.600000005139
3804.200000005174
3844.900000005322
3944.100000005683
3955.500000005725
4794.700000008777
4835.600000008926
4944.200000009321
4955.300000009362
5795.800000012419
5836.500000012567
5943.300000012956
5953.400000012993
6795.600000016057
6942.600000016591
6953.9000000166325
7792.500000019683
7836.700000019844
7944.400000020236
7955.500000020276
8795.300000012357
8844.700000011639
8944.100000010192
8955.600000010025
9788.499999997905
9796.699999997783
9943.499999995647
9954.999999995482
602.1000000001002
1700.699999999101
2006.6999999988227
3004.100000002263
3994.100000005865
4009.600000005921
4992.000000009495
5011.100000009565
5027.600000009625
5993.100000013137
6006.500000013186
6995.900000016785
7996.900000020427
8703.800000013689
9004.400000009315
9992.29999999494
705.0000000000066
713.299999999999
720.4999999999925
732.4999999999816
755.3999999999608
801.1999999999191
1615.7999999991782
1678.2999999991214
1695.9999999991053
1741.0999999990645
1756.0999999990506
2679.700000001083
2693.3000000011325
2720.700000001232
2739.8000000013017
2755.300000001358
3680.500000004724
3692.300000004767
3706.0000000048167
3745.6000000049607
4682.80000000837
4693.400000008409
4707.6000000084605
4742.600000008588
4754.000000008629
5680.000000011998
5692.300000012043
5705.4000000120905
5741.400000012221
5756.900000012278
6690.100000015673
6701.800000015715
6723.600000015795
6744.000000015869
6757.600000015918
7681.70000001928
7693.500000019323
7709.0000000193795
7722.300000019428
7741.600000019498
8679.200000014047
8691.30000001387
8710.300000013594
8742.700000013123
8752.900000012974
9680.099999999482
9696.09999999925
9707.899999999076
9733.699999998702
9742.499999998574
9756.199999998376
960.799999999774
1901.1999999989189
1947.1999999988768
2899.100000001881
3900.300000005524
3945.9000000056894
4947.900000009335
5900.100000012799
6902.000000016444
6945.800000016603
8898.100000010862
8946.000000010165
9898.7999999963
706.1000000000056
718.0999999999947
728.4999999999852
830.7999999998922
1718.7999999990843
1742.599999999063
2719.800000001229
2740.3000000013035
3718.300000004861
3751.000000004981
4721.20000000851
4745.300000008598
5721.70000001215
5739.600000012215
6718.700000015777
6742.000000015862
7718.500000019414
7739.800000019492
8741.700000013137
9741.499999998588
1898.499999998921
2899.000000001881
3898.500000005517
4898.700000009156
5898.000000012791
6925.300000016528
7620.700000019058
7898.300000020068
8898.500000010856
9898.899999996298
933.8999999997984
2949.300000002064
4934.500000009286
4950.300000009343
7931.70000002019
7619.800000019055
8618.800000014926
599.9000000001022
916.0999999998146
942.4999999997906
963.8999999997712
1610.6999999991829
1994.5999999988337
2607.900000000822
3994.700000005867
5609.10000001174
6608.900000015377
6940.400000016583
7000.900000016804
8609.800000015057
8989.300000009534
601.0000000001012
1962.299999998863
1993.7999999988344
2608.6000000008244
2975.1000000021577
3963.5000000057535
3989.800000005849
4963.8000000093925
4992.800000009498
5609.400000011741
5962.200000013025
6609.000000015378
7977.800000020357
7993.000000020413
8608.000000015083
8989.100000009537
9960.199999995406
9989.49999999498
957.6999999997768
757.5999999999588
775.0999999999428
814.0999999999074
1752.9999999990534
1776.599999999032
2753.400000001351
3752.800000004987
3836.400000005291
4752.900000008625
5751.800000012259
6753.100000015902
7752.100000019536
8754.400000012953
8773.600000012673
9752.899999998424
727.8999999999858
1742.8999999990626
2717.8000000012216
2742.3000000013108
3715.0000000048494
3744.5000000049567
4718.800000008501
5719.500000012142
5738.500000012211
6723.200000015793
7722.500000019429
7738.100000019485
8732.300000013274
9723.899999998845
9742.999999998568
930.5999999998014
947.8999999997856
6948.200000016612
600.5000000001016
643.000000000063
1614.999999999179
2613.8000000008437
3614.400000004483
4614.600000008122
5613.000000011754
5626.400000011803
6613.900000015396
7615.000000019037
8612.400000015019
8623.400000014859
9615.70000000042
944.3999999997887
599.5000000001025
669.3000000000391
813.0999999999083
1801.6999999990087
2804.6000000015374
4795.40000000878
6801.400000016078
7798.6000000197055
8796.900000012334
719.999999999993
1725.3999999990783
2726.8000000012544
3721.4000000048727
4721.700000008512
5728.600000012175
6725.500000015802
6749.80000001589
7722.600000019429
8727.200000013348
9727.59999999879
600.4000000001017
938.1999999997944
965.5999999997696
1726.5999999990777
4727.300000008532
6727.300000015808
7728.30000001945
9728.099999998783
944.7999999997884
2741.7000000013086
7741.900000019499
8742.800000013121
9742.499999998574
2981.20000000218
5903.600000012812
9916.799999996038
1944.3999999988796
6941.8000000165885
7944.600000020237
2971.400000002144
3971.800000005784
4972.400000009424
5971.90000001306
6971.900000016698
7970.700000020332
8972.200000009783
9972.099999995233
709.3000000000027
800.6999999999196
809.6999999999114
839.1999999998845
1792.1999999990178
1853.599999998962
2811.100000001561
3814.2000000052094
3850.700000005343
5819.700000012506
6802.10000001608
7791.50000001968
8791.900000012407
8814.500000012078
9817.799999997478
777.6999999999405
1796.9999999990134
3791.200000005127
4792.100000008768
5791.900000012405
6787.400000016027
7792.600000019684
8792.4000000124
599.1000000001029
944.7999999997884
931.8999999998002
6931.30000001655
598.7000000001033
1731.399999999073
2726.700000001254
3733.300000004916
4733.000000008553
5727.700000012172
6727.200000015808
7734.0000000194705
8733.600000013255
9731.79999999873
704.1000000000074
721.8999999999912
1943.69999999888
4806.100000008819
6945.1000000166005
7945.50000002024
8804.600000012222
8948.40000001013
9808.599999997612
574.3000000001255
582.9000000001176
989.299999999748
1001.0999999997372
1583.3999999992077
1955.9999999988688
1963.9999999988613
1977.4999999988493
2576.100000000706
2948.800000002062
2960.600000002105
2968.300000002133
2985.900000002197
3578.7000000043536
3955.700000005725
3962.9000000057513
3977.500000005805
4579.300000007994
4952.600000009352
4960.000000009379
4967.600000009406
4982.800000009462
5575.800000011619
5947.500000012971
5959.600000013015
5966.200000013039
5978.600000013084
6576.50000001526
6946.600000016606
6957.300000016645
6968.000000016684
6986.30000001675
7577.800000018902
7947.800000020248
7960.600000020295
7969.100000020326
7984.7000000203825
8579.500000015498
8926.40000001045
8956.900000010006
8963.200000009914
8977.20000000971
9575.400000001006
9951.199999995535
9960.799999995395
9970.29999999526
9989.999999994972
590.7000000001105
709.8000000000022
724.0999999999892
732.5999999999815
1672.3999999991267
1695.199999999106
1726.099999999078
1754.699999999052
2693.400000001133
2716.1000000012154
2733.7000000012795
3694.600000004775
3722.000000004875
4694.300000008412
4727.200000008532
4746.700000008603
5694.900000012052
5724.800000012161
5735.200000012199
6695.8000000156935
6716.100000015767
7693.800000019324
7712.200000019391
7728.700000019451
8652.700000014433
8691.700000013865
8719.400000013462
8736.100000013219
9672.799999999588
9700.79999999918
9727.999999998783
2735.4000000012857
674.4000000000344
705.5000000000061
714.499999999998
724.399999999989
759.6999999999568
814.6999999999068
1748.999999999057
2694.800000001138
2722.5000000012387
2751.400000001344
3694.700000004776
3719.300000004865
4724.00000000852
4753.000000008626
5721.000000012147
5748.600000012248
6711.500000015751
6752.100000015898
7696.000000019332
7718.800000019415
7748.200000019522
8694.10000001383
8755.30000001294
9746.89999999851
9760.499999998312
712.4999999999998
719.7999999999931
1701.3999999991004
1720.9999999990823
1746.3999999990594
2698.5000000011514
2720.900000001233
2746.6000000013264
3701.3000000048
3713.500000004844
3728.7000000048993
3751.1000000049808
4701.700000008439
4715.80000000849
4748.100000008608
5701.700000012077
5722.900000012154
5746.200000012239
6698.0000000157015
6713.4000000157575
7699.600000019345
7717.200000019409
7729.300000019453
7748.000000019521
8701.300000013725
8727.600000013343
9707.099999999087
9726.29999999881
9746.699999998513
884.4999999998433
596.800000000105
916.899999999814
936.499999999796
1915.3999999989055
1989.799999998838
2915.1000000019394
2993.300000002224
3916.900000005584
4918.300000009227
4992.300000009496
5992.800000013136
6981.000000016731
7916.300000020134
8912.60000001065
8977.700000009703
9912.699999996095
641.2000000000646
1648.1999999991488
713.6999999999987
7749.300000019526
9761.899999998292
705.9000000000058
712.9999999999993
722.6999999999905
733.3999999999808
802.7999999999176
1693.4999999991076
1726.2999999990775
2695.30000000114
2724.7000000012467
2739.900000001302
3696.300000004781
3706.80000000482
3715.400000004851
3726.9000000048927
3748.0000000049695
4697.600000008424
4709.300000008467
4719.200000008503
4728.800000008538
4743.600000008591
5695.700000012055
5708.800000012103
5726.600000012168
5742.500000012225
6696.700000015697
6713.900000015759
6726.500000015805
6746.300000015877
7698.0000000193395
7710.300000019384
7725.500000019439
8679.600000014041
8692.400000013855
8726.300000013362
9699.199999999204
9720.0999999989
9728.899999998772
9744.599999998543
706.9000000000049
728.2999999999854
1688.7999999991118
1702.1999999990996
1741.5999999990638
2635.1000000009208
2688.3000000011143
2702.6000000011663
2717.0000000012187
2746.7000000013268
3688.800000004754
3701.4000000048
3713.7000000048447
3743.500000004953
4691.0000000084
4715.3000000084885
4747.000000008604
5687.800000012026
5706.300000012094
5740.300000012217
6688.600000015667
6713.000000015756
6746.300000015877
7690.400000019312
7713.200000019395
7744.000000019507
8686.60000001394
8702.200000013712
8743.900000013105
9689.399999999348
9701.799999999166
9715.099999998973
9744.89999999854
797.5999999999224
814.6999999999068
1842.0999999989724
1936.5999999988865
2814.3000000015727
2842.3000000016746
3841.100000005308
3958.9000000057367
4811.600000008839
4844.90000000896
5844.000000012595
5936.600000012932
6842.600000016228
6936.80000001657
7840.700000019859
7935.900000020205
8840.000000011707
9841.499999997131
589.3000000001118
577.7000000001224
1015.8999999997238
1690.69999999911
1717.7999999990857
2686.800000001109
2699.500000001155
3001.900000002255
3689.000000004755
3702.400000004804
4000.700000005889
5691.800000012041
6689.500000015671
7010.300000016838
7692.400000019319
7711.500000019389
8000.700000020441
9013.00000000919
9710.699999999037
2802.4000000015294
916.4999999998142
1000.0999999997382
1609.9999999991835
1974.899999998852
2976.4000000021624
3974.700000005794
4977.900000009444
5611.000000011747
5977.200000013079
6633.000000015465
6977.700000016719
7976.200000020352
8610.90000001504
8630.100000014761
8976.200000009725
9976.499999995169
706.3000000000054
729.1999999999846
769.8999999999476
1697.399999999104
1711.599999999091
1735.1999999990696
2705.4000000011765
3697.600000004786
3711.800000004838
3750.400000004978
4708.800000008465
5705.20000001209
5770.100000012326
6696.9000000156975
7711.100000019387
8692.70000001385
8710.400000013593
9707.499999999083
930.3999999998016
942.099999999791
1940.6999999988827
2930.100000001994
2963.8000000021166
3929.400000005629
3951.000000005708
3987.1000000058393
4935.800000009291
4956.700000009367
4992.300000009496
5929.300000012905
5959.400000013015
5992.800000013136
6929.400000016543
7930.300000020185
7961.9000000203
7989.6000000204
8943.5000000102
8990.800000009513
9930.099999995844
9947.49999999559
6944.700000016599
941.2999999997916
2943.2000000020416
3940.2000000056687
6943.900000016596
600.7000000001015
937.8999999997948
1978.5999999988485
2978.3000000021693
3977.900000005806
4977.900000009444
5979.000000013086
6978.00000001672
7978.000000020358
8978.60000000969
9978.599999995138
704.3000000000072
712.8999999999994
721.3999999999917
730.7999999999831
747.1999999999682
814.9999999999065
831.0999999998919
1678.1999999991217
1696.9999999991044
1712.0999999990906
1724.4999999990794
1739.099999999066
1745.79999999906
1793.099999999017
2682.9000000010947
2701.3000000011616
2719.7000000012285
2730.2000000012667
2741.600000001308
2753.2000000013504
2786.400000001471
2818.3000000015877
3697.5000000047858
3705.6000000048152
3722.000000004875
3739.100000004937
3747.700000004968
3789.600000005121
4701.800000008439
4711.100000008473
4723.90000000852
4741.900000008585
4758.300000008645
4785.700000008745
4800.600000008799
5682.500000012007
5701.900000012078
5719.200000012141
5728.100000012173
5737.900000012209
5747.300000012243
5787.000000012387
6696.600000015696
6706.200000015731
6721.100000015786
6733.40000001583
6744.800000015872
6787.200000016026
7683.500000019287
7708.600000019378
7720.900000019423
7733.100000019467
7745.0000000195105
7786.900000019663
8678.400000014059
8692.70000001385
8705.000000013672
8723.200000013407
8741.200000013145
8751.300000012998
8775.800000012641
8796.200000012344
9681.299999999464
9698.79999999921
9713.599999998994
9729.899999998755
9742.79999999857
9752.699999998424
9787.299999997922
9800.399999997731
1796.6999999990137
2794.3000000015
4794.700000008777
5797.800000012427
6794.900000016054
7735.200000019475
7794.900000019692
8795.600000012353
9794.099999997825
800.7999999999195
2746.500000001326
5746.50000001224
691.9000000000185
707.7000000000041
724.399999999989
754.0999999999619
789.4999999999297
801.3999999999189
813.2999999999081
1682.7999999991173
1692.899999999108
1703.2999999990986
1756.4999999990505
1770.1999999990378
1805.199999999006
2682.100000001092
2699.500000001155
2744.5000000013188
2760.000000001375
2792.400000001493
3681.500000004728
3700.700000004797
3777.200000005076
3796.9000000051474
4683.200000008372
4700.500000008435
4723.500000008518
4751.30000000862
4814.000000008848
5681.800000012005
5704.800000012088
5746.700000012241
5770.300000012327
6683.200000015648
6701.000000015712
6727.90000001581
6751.900000015898
6766.20000001595
7684.600000019291
7707.500000019374
7748.600000019524
7801.200000019715
8681.400000014015
8693.900000013833
8703.800000013689
8746.100000013073
8795.000000012362
9680.399999999478
9705.999999999103
9744.09999999855
9758.59999999834
737.2999999999772
752.0999999999638
763.2999999999536
777.7999999999404
799.9999999999202
829.6999999998932
1736.4999999990685
1756.2999999990504
1802.1999999990087
2735.200000001285
2751.700000001345
2786.10000000147
3732.800000004914
3766.300000005036
3799.300000005156
4737.900000008571
4767.200000008677
4795.800000008781
5761.400000012294
5797.800000012427
6734.200000015833
6766.40000001595
6796.200000016059
7734.300000019472
7750.800000019532
7795.800000019695
8735.200000013232
8751.80000001299
8784.600000012513
8797.700000012323
9733.999999998698
9753.09999999842
9767.899999998204
9795.999999997795
8708.100000013626
740.9999999999739
1735.4999999990694
1746.3999999990594
2735.6000000012864
2747.2000000013286
3738.900000004936
3754.700000004994
4741.400000008583
4751.30000000862
5746.700000012241
6738.70000001585
6749.70000001589
7731.8000000194625
7748.200000019522
8734.500000013242
8747.400000013055
9737.699999998644
9746.89999999851
3728.5000000048985
8615.600000014972
939.799999999793
952.7999999997812
1875.7999999989415
1943.2999999988804
2940.00000000203
2952.2000000020744
3876.9000000054384
3939.200000005665
4944.400000009322
5943.900000012958
6874.200000016343
6940.200000016583
7877.600000019993
7943.900000020234
8941.000000010237
9874.09999999666
9944.599999995631
595.4000000001063
1739.9999999990653
2726.400000001253
2733.300000001278
3734.40000000492
4736.2000000085645
5738.500000012211
7734.100000019471
8734.500000013242
9730.39999999875
606.4000000000963
642.8000000000632
614.8000000000886
651.4000000000553
703.2000000000082
722.5999999999906
730.5999999999833
761.0999999999556
1685.199999999115
1698.1999999991033
1736.3999999990683
1747.6999999990585
2689.600000001119
2745.700000001323
3689.700000004757
3736.500000004928
3746.7000000049647
4690.700000008399
4743.30000000859
4753.000000008626
5689.300000012032
5738.30000001221
5748.800000012248
6689.000000015669
6733.700000015831
6747.500000015882
7690.300000019311
7744.100000019507
7756.0000000195505
8685.000000013963
8696.600000013794
8744.90000001309
9680.699999999471
9733.299999998708
9745.899999998524
704.7000000000069
714.9999999999975
727.0999999999865
858.2999999998672
1683.7999999991164
1735.5999999990693
2682.100000001092
2747.100000001328
3747.4000000049673
4737.3000000085685
5737.800000012208
7738.100000019485
8681.400000014015
8738.700000013181
8757.500000012908
9745.399999998532
9760.999999998305
707.0000000000048
714.499999999998
1697.399999999104
1739.6999999990655
2702.9000000011674
2726.5000000012533
2740.6000000013046
3705.700000004816
3729.500000004902
3751.3000000049815
4709.600000008468
4742.900000008589
5707.000000012096
5729.800000012179
5741.400000012221
6703.300000015721
6740.100000015855
6754.700000015908
7709.10000001938
7728.50000001945
7754.100000019544
8697.200000013785
8743.700000013108
9729.199999998767
9745.099999998536
7991.400000020407
998.4999999997395
2962.300000002111
4646.600000008239
594.1000000001075
601.8000000001005
913.7999999998168
926.3999999998052
937.0999999997956
974.0999999997618
1609.0999999991843
1901.999999998918
1927.4999999988947
1982.299999998845
1992.5999999988355
2607.40000000082
2901.300000001889
2957.4000000020933
2976.7000000021635
2985.5000000021955
3900.500000005524
3924.400000005611
3978.500000005808
3986.100000005836
4609.400000008103
4901.300000009165
4958.900000009375
4978.100000009445
4991.800000009494
5608.1000000117365
5901.700000012805
5929.900000012907
5958.3000000130105
5985.5000000131095
5993.700000013139
6607.400000015372
6902.700000016446
6924.400000016525
6980.200000016728
6988.90000001676
7609.200000019016
7901.400000020079
7923.200000020159
7953.500000020269
7980.3000000203665
7992.800000020412
8607.600000015089
8899.800000010837
8956.100000010018
8979.000000009684
8988.800000009542
9002.100000009348
9610.000000000502
9900.19999999628
9929.599999995851
9948.699999995571
9978.899999995134
9987.499999995009
583.600000000117
604.4000000000981
615.500000000088
963.4999999997716
1592.0999999991998
1608.399999999185
1932.9999999988895
1960.5999999988649
1981.6999999988452
1994.4999999988336
2003.9999999988247
2607.800000000821
2960.0000000021028
2993.2000000022235
3004.600000002265
3609.900000004467
3933.900000005646
3959.900000005741
3981.200000005818
3996.000000005872
4609.700000008104
4959.100000009375
4980.700000009454
4997.200000009514
5010.800000009564
5589.400000011668
5608.900000011739
5933.100000012919
5959.900000013016
5979.700000013088
5994.500000013142
6609.2000000153785
6928.50000001654
6961.300000016659
6987.000000016753
7002.60000001681
7591.800000018953
7609.800000019019
7932.000000020191
7960.600000020295
7986.300000020388
7999.600000020437
8588.400000015368
8609.200000015066
8931.90000001037
8961.100000009945
8984.600000009603
9006.500000009284
9610.400000000496
9959.89999999541
9988.599999994993
704.3000000000072
716.0999999999965
728.1999999999855
1690.5999999991102
1741.5999999990638
1749.2999999990568
2690.6000000011227
2725.300000001249
2740.1000000013028
2753.600000001352
3692.600000004768
3742.70000000495
4736.400000008565
4743.400000008591
5692.700000012044
5740.300000012217
6695.500000015692
6744.100000015869
7695.30000001933
7740.900000019496
7749.700000019528
8690.70000001388
8742.800000013121
9696.899999999236
9727.099999998798
9742.899999998568
9750.99999999845
604.0000000000985
1608.399999999185
6610.800000015384
7609.300000019017
1804.3999999990067
2802.1000000015283
4795.900000008782
6796.800000016061
7797.900000019703
8796.600000012339
9797.899999997768
930.1999999998018
2937.000000002019
2974.400000002155
6930.200000016546
7931.70000002019
9937.29999999574
726.2999999999872
948.8999999997848
1959.7999999988651
3951.300000005709
5959.900000013016
6949.900000016618
7758.400000019559
9756.899999998364
9948.499999995576
672.1000000000365
732.9999999999811
749.4999999999661
1800.9999999990098
2796.500000001508
3797.900000005151
4801.900000008804
5800.200000012435
6794.500000016053
7792.700000019684
8796.50000001234
9775.899999998088
707.900000000004
715.599999999997
816.5999999999051
1756.4999999990505
1798.3999999990122
1957.4999999988677
2959.3000000021
3750.0000000049768
3761.80000000502
3956.000000005726
4802.500000008806
5959.100000013013
6760.70000001593
6792.300000016045
7965.600000020313
8761.200000012854
8799.2000000123
8959.40000000997
9752.099999998434
9776.49999999808
646.6000000000597
685.5000000000243
758.9999999999575
1721.1999999990824
1773.4999999990348
2723.000000001241
2784.9000000014657
3722.1000000048753
4721.9000000085125
4797.500000008788
6721.100000015786
6773.600000015977
7720.500000019421
7772.900000019612
8723.100000013408
8737.100000013204
9722.19999999887
9770.699999998164
1993.4999999988347
2992.20000000222
3990.500000005852
6990.900000016767
947.699999999786
2977.100000002165
726.599999999987
1733.699999999071
2731.3000000012707
3734.2000000049193
4733.900000008556
4789.400000008758
5734.0000000121945
7730.600000019458
7790.100000019675
8732.300000013274
9739.29999999862
593.2000000001083
674.0000000000348
706.6000000000051
712.2
721.8999999999912
769.4999999999479
799.5999999999206
818.1999999999036
1685.8999999991145
1699.9999999991016
1755.2999999990514
2684.2000000010994
2696.200000001143
2728.500000001261
3685.4000000047417
3694.100000004773
3705.6000000048152
3757.200000005003
4685.300000008379
4694.900000008414
4702.500000008442
4720.300000008507
4757.400000008642
5686.00000001202
5698.400000012065
5723.200000012155
5771.30000001233
6684.8000000156535
6694.400000015688
6712.900000015756
6754.800000015908
6769.400000015961
7685.300000019293
7694.700000019327
7713.800000019397
7751.000000019532
8684.300000013973
8696.400000013797
8758.800000012889
9684.899999999412
9696.399999999245
9712.099999999016
9750.29999999846
592.7000000001087
601.200000000101
610.9000000000922
653.0000000000539
811.0999999999101
1769.0999999990388
3771.900000005056
4797.300000008787
5766.800000012314
7734.500000019472
7769.100000019598
8775.800000012641
9768.399999998195
565.0000000001339
574.1000000001256
583.7000000001169
901.7999999998276
987.09999999975
996.7999999997412
1903.6999999989164
1958.5999999988665
1973.9999999988524
1989.899999998838
2903.6000000018976
2915.1000000019394
2958.9000000020987
2988.700000002207
3905.400000005542
3959.300000005738
3986.400000005837
4903.500000009173
4935.2000000092885
4959.4000000093765
4974.20000000943
4990.000000009488
5904.500000012815
5926.800000012896
5957.600000013008
5971.80000001306
5991.10000001313
6902.800000016447
6929.200000016543
6959.600000016653
6975.500000016711
7906.800000020099
7939.400000020218
7960.200000020293
7973.7000000203425
8904.300000010771
8913.500000010637
8938.300000010277
8960.10000000996
8987.400000009562
9903.59999999623
9936.099999995757
9960.199999995406
9973.899999995208
706.3000000000054
715.0999999999974
764.2999999999527
771.2999999999463
790.6999999999287
803.1999999999173
1691.799999999109
1705.5999999990966
1750.099999999056
1768.3999999990394
2692.5000000011296
2704.200000001172
2723.8000000012435
2750.7000000013413
2771.6000000014174
3692.300000004767
3702.900000004805
3757.800000005005
3773.400000005062
3786.000000005108
4695.700000008417
4710.400000008471
4750.900000008618
4772.400000008696
5693.400000012047
5703.100000012082
5751.300000012257
5763.4000000123015
5774.900000012343
6698.200000015702
6760.600000015929
6773.500000015976
7695.8000000193315
7712.400000019392
7754.200000019544
7773.000000019612
8696.100000013801
8705.200000013669
8759.900000012873
8787.500000012471
9692.799999999295
9705.299999999115
9747.099999998509
9755.89999999838
9783.99999999797
940.999999999792
1961.399999998864
4957.300000009369
5956.900000013005
6948.600000016613
6960.600000016657
7959.600000020291
9960.799999995395
598.8000000001032
963.2999999997716
1603.1999999991897
1626.3999999991686
1977.799999998849
1994.4999999988336
2603.500000000806
2977.100000002165
2993.8000000022257
3927.600000005623
3978.9000000058095
3994.000000005864
4633.600000008191
4978.200000009445
5600.90000001171
5988.900000013122
6603.400000015357
6625.500000015438
6927.100000016535
6977.200000016717
7601.700000018989
7993.600000020415
8602.70000001516
8622.800000014868
8927.200000010438
8977.800000009702
8996.000000009437
9602.000000000618
9926.499999995896
9977.999999995149
1743.699999999062
2742.3000000013108
4742.700000008588
5743.300000012228
6742.400000015863
8743.300000013114
9742.199999998578
710.3000000000018
5749.100000012249
8700.600000013736
581.0000000001194
1006.5999999997324
704.3000000000072
718.5999999999942
2681.8000000010907
3684.100000004737
4684.200000008375
5683.000000012009
6683.600000015649
8682.700000013996
9684.29999999942
609.6000000000934
933.7999999997984
965.9999999997692
7994.200000020417
579.4000000001208
593.6000000001079
7999.800000020437
9732.799999998717
584.4000000001163
674.0000000000348
758.7999999999577
1676.9999999991226
4686.300000008383
4750.600000008617
5675.700000011982
7750.200000019529
8677.200000014076
9685.899999999398
9752.099999998434
3704.400000004811
8016.800000020499
716.0999999999965
730.1999999999837
2793.100000001496
4791.500000008766
6791.300000016041
7795.300000019693
9790.19999999788
986.3999999997508
1960.8999999988644
2961.0000000021064
2977.0000000021646
3961.000000005744
3982.500000005823
4960.200000009379
5548.70000001152
6959.900000016654
7960.800000020296
8960.80000000995
9960.799999995395
937.8999999997948
944.8999999997884
1931.699999998891
1950.0999999988744
2944.5000000020464
3931.4000000056367
3951.400000005709
4948.000000009335
4969.800000009414
5945.200000012963
6931.700000016552
6943.500000016595
7944.600000020237
8945.700000010169
9933.0999999958
9944.499999995634
9969.59999999527
1971.4999999988547
2969.100000002136
5970.200000013054
8970.800000009804
9971.199999995246
1744.9999999990607
803.0999999999174
813.8999999999075
1790.899999999019
1801.799999999009
2796.6000000015083
3793.800000005136
3801.100000005162
4789.600000008759
4802.400000008805
5798.900000012431
6796.60000001606
7792.700000019684
7821.500000019789
8789.800000012438
9788.699999997902
9799.999999997735
603.3000000000991
1989.999999998838
2989.50000000221
3993.500000005863
4991.200000009492
5992.400000013135
6984.7000000167445
7987.700000020393
8990.100000009523
9948.799999995572
9990.999999994958
711.0000000000011
3695.0000000047767
6698.800000015704
828.5999999998942
944.299999999789
1759.7999999990473
2764.300000001391
3760.200000005014
6762.300000015935
8835.200000011777
9758.59999999834
601.1000000001011
942.2999999997908
1938.6999999988848
2939.200000002027
3938.900000005664
4940.200000009307
5941.200000012948
6939.000000016578
7942.000000020227
8940.000000010252
9938.899999995716
9950.89999999554
592.400000000109
9731.09999999874
914.1999999998164
2915.000000001939
5845.6000000126005
581.9000000001186
2006.8999999988223
2598.2000000007865
3602.50000000444
7600.000000018983
8004.900000020456
717.9999999999948
730.5999999999833
783.1999999999355
807.1999999999136
1782.6999999990264
2731.600000001272
2756.5000000013624
2783.30000000146
3731.100000004908
3784.700000005103
4726.200000008528
4784.40000000874
5727.800000012172
5784.100000012377
6730.60000001582
6784.800000016017
7723.900000019434
7748.000000019521
7773.900000019616
8783.700000012526
9746.799999998511
9756.099999998376
9782.699999997987
605.8000000000968
637.8000000000677
645.9000000000603
5849.600000012615
808.4999999999125
1728.8999999990754
2721.4000000012347
3723.2000000048793
6723.900000015796
7724.4000000194355
8693.300000013842
9701.599999999167
708.0000000000039
1713.5999999990893
1742.0999999990634
2715.9000000012147
2739.600000001301
3713.800000004845
3747.000000004966
4732.700000008552
4749.900000008614
5716.700000012132
5741.500000012222
6714.00000001576
6746.900000015879
7712.600000019393
7741.600000019498
8714.200000013538
8741.700000013137
9702.499999999156
9715.099999998973
9746.599999998514
3796.300000005145
4796.700000008785
6794.100000016051
7794.700000019691
8796.800000012336
9792.599999997845
938.2999999997944
1959.099999998866
2960.400000002104
3959.6000000057393
4959.4000000093765
5960.5000000130185
7959.900000020292
8959.800000009964
9959.799999995412
606.3000000000964
1607.199999999186
2607.30000000082
3607.6000000044583
4607.800000008097
5608.400000011738
6608.500000015376
7608.500000019014
8605.300000015122
9609.100000000515
641.7000000000642
939.2999999997936
1943.99999999888
2942.3000000020384
3941.400000005673
5961.600000013023
6944.800000016599
7944.3000000202355
8942.600000010214
605.3000000000973
801.6999999999186
9902.699999996245
1752.399999999054
3766.500000005037
5766.600000012313
6752.900000015901
7766.80000001959
662.800000000045
713.299999999999
755.7999999999604
768.9999999999484
1698.499999999103
1752.6999999990535
2706.2000000011794
2752.300000001347
3752.7000000049866
4751.700000008621
5752.200000012261
6752.400000015899
7703.500000019359
7749.500000019527
8699.800000013747
8755.90000001293
8774.600000012659
9747.799999998497
9766.699999998222
594.7000000001069
604.8000000000977
621.000000000083
633.5000000000716
911.9999999998184
962.999999999772
1608.1999999991851
1624.3999999991704
1974.9999999988515
1982.5999999988449
1995.399999998833
2601.8000000008
2612.0000000008367
2624.200000000881
2976.800000002164
2984.600000002192
2993.100000002223
3605.800000004452
3613.0000000044784
3642.5000000045857
3931.500000005637
3976.2000000058
3988.100000005843
4613.200000008117
4641.800000008221
4976.000000009437
4983.800000009465
5601.900000011714
5623.000000011791
5977.700000013081
5985.5000000131095
6612.40000001539
6635.500000015474
6974.8000000167085
6984.300000016743
7611.800000019026
7626.300000019079
7916.600000020135
7979.100000020362
7990.300000020403
8601.500000015178
8613.500000015003
8628.20000001479
8976.200000009725
8984.200000009609
9612.20000000047
9625.90000000027
9975.999999995176
9984.299999995055
663.2000000000446
682.9000000000267
703.3000000000081
711.8000000000004
726.599999999987
759.499999999957
768.0999999999492
1674.4999999991248
1684.199999999116
1695.5999999991056
1752.299999999054
1763.7999999990436
2677.9000000010765
2686.4000000011074
2699.800000001156
2749.000000001335
2764.400000001391
3676.8000000047114
3685.300000004741
3695.80000000478
3749.300000004974
3766.200000005036
4677.600000008351
4686.700000008384
4723.600000008519
4747.400000008605
4763.200000008663
5674.600000011978
5684.600000012015
5694.100000012049
5748.300000012247
5765.000000012307
6009.100000013195
6684.400000015652
6695.600000015693
6725.300000015801
6751.700000015897
6762.100000015935
7681.300000019279
7690.200000019311
7709.400000019381
7746.900000019517
7764.300000019581
8680.100000014034
8687.30000001393
8748.700000013036
8762.600000012833
9674.499999999563
9683.999999999423
9695.699999999257
9748.399999998488
9760.399999998312
913.5999999998168
935.7999999997968
1850.4999999989648
1980.4999999988463
2846.800000001691
3846.800000005329
3981.300000005818
4848.900000008975
5853.900000012631
6848.80000001625
6925.300000016528
7849.700000019891
8848.10000001159
8902.400000010799
9853.39999999696
9928.099999995871
730.0999999999838
774.6999999999432
801.5999999999187
832.8999999998903
1755.8999999990508
1835.0999999989788
2759.0000000013715
2835.400000001649
3730.2000000049047
4760.100000008652
5758.800000012285
7772.900000019612
8757.900000012902
9763.99999999826
1742.8999999990626
2742.0000000013097
4743.500000008591
5741.900000012223
7742.300000019501
9741.099999998594
609.6000000000934
646.7000000000596
942.3999999997908
1889.899999998929
1939.399999998884
1965.99999999886
2936.700000002018
2964.200000002118
3891.500000005492
3937.500000005659
4936.600000009294
4964.600000009395
5890.800000012765
5939.600000012943
6937.000000016571
7891.300000020043
7939.400000020218
7964.100000020308
8007.900000020467
8889.600000010985
8938.200000010278
8964.400000009897
9890.59999999642
9939.699999995704
9962.599999995373
1879.899999998938
2879.300000001809
4878.900000009084
5879.200000012723
5959.400000013015
6880.100000016364
7881.100000020006
8879.00000001114
9879.799999996576
3727.100000004893
7732.800000019466
709.9000000000021
719.4999999999934
728.1999999999855
789.2999999999299
1724.1999999990796
1744.0999999990615
1794.199999999016
2719.500000001228
2742.3000000013108
2792.400000001493
3715.400000004851
3725.900000004889
3743.6000000049535
3791.700000005129
4723.800000008519
4738.500000008573
4789.000000008757
5720.900000012147
5733.200000012192
5791.000000012402
6715.400000015765
6727.100000015807
6741.800000015861
6791.200000016041
7722.80000001943
7792.600000019684
8727.400000013346
8743.200000013116
8785.300000012503
8795.600000012353
9724.699999998831
9743.599999998558
9789.199999997894
675.8000000000332
3797.7000000051503
9802.199999997703
914.1999999998164
959.2999999997752
2925.6000000019776
2994.0000000022264
3922.300000005604
3977.900000005806
4986.300000009474
5984.700000013107
6987.300000016754
7929.400000020181
8978.400000009693
9925.899999995903
9987.099999995016
607.5000000000953
965.09999999977
1990.1999999988377
2991.400000002217
3991.2000000058542
4990.800000009491
5989.600000013124
6992.700000016774
8989.900000009526
9994.399999994908
733.9999999999802
747.2999999999681
1721.3999999990822
2724.6000000012464
3748.9000000049728
4744.800000008596
7752.700000019538
8728.200000013334
9722.299999998868
9746.19999999852
945.299999999788
6930.900000016549
710.9000000000012
803.9999999999166
6764.300000015943
709.2000000000028
731.4999999999825
805.0999999999156
833.8999999998894
2800.400000001522
3713.800000004845
4794.400000008776
8698.90000001376
601.200000000101
609.7000000000933
956.199999999778
4993.2000000095
3991.0000000058535
7994.800000020419
697.8000000000131
705.2000000000064
694.0000000000166
776.3999999999417
706.800000000005
716.0999999999965
759.2999999999572
782.599999999936
816.1999999999055
830.999999999892
1695.7999999991057
1733.599999999071
1745.3999999990604
1754.3999999990522
2731.600000001272
2746.7000000013268
2756.0000000013606
3738.6000000049353
3748.3000000049706
3759.3000000050106
4735.600000008562
4747.100000008604
4757.400000008642
5735.4000000122
5748.400000012247
5757.900000012281
6745.200000015873
6753.8000000159045
7737.400000019483
7745.100000019511
7753.700000019542
8741.300000013143
8749.10000001303
8757.400000012909
9735.999999998668
9746.699999998513
9754.699999998396
1744.8999999990608
4744.900000008596
5745.0000000122345
6745.400000015874
7715.700000019404
7745.100000019511
8745.100000013088
9746.19999999852
605.1000000000975
630.5000000000744
1630.399999999165
2631.2000000009066
3637.600000004568
4638.100000008208
5635.700000011837
6632.200000015462
7629.30000001909
8629.900000014764
9638.30000000009
1623.8999999991709
1688.7999999991118
1712.9999999990898
2628.200000000896
2694.800000001138
3626.300000004527
3690.700000004761
4015.4000000059423
4626.600000008166
4707.300000008459
5012.60000000957
5624.800000011797
5687.900000012027
6014.500000013215
6625.400000015437
6698.700000015704
7014.900000016854
7621.700000019062
7710.500000019385
8015.100000020493
8688.000000013919
9014.30000000917
9621.20000000034
9694.399999999274
582.4000000001181
1959.599999998865
2958.700000002098
3959.6000000057393
4959.200000009376
5958.20000001301
7958.400000020287
8961.300000009942
9958.699999995428
732.4999999999816
1734.69999999907
2738.4000000012966
3739.0000000049367
4732.9000000085525
5735.700000012201
6737.400000015845
7736.60000001948
9735.89999999867
1735.999999999069
1749.4999999990566
1784.6999999990246
2746.4000000013257
3731.400000004909
3785.200000005105
4786.000000008746
5785.300000012381
6785.700000016021
7734.700000019473
7786.10000001966
8732.900000013266
8785.300000012503
9734.099999998696
562.8000000001359
2978.9000000021715
7974.600000020346
719.1999999999937
732.2999999999818
740.0999999999747
811.3999999999098
1719.8999999990835
1728.299999999076
1737.999999999067
1836.7999999989768
2715.8000000012144
2725.4000000012493
2734.400000001282
2740.9000000013057
3714.600000004848
3723.30000000488
3736.200000004927
3745.40000000496
3823.600000005245
4713.300000008481
4722.400000008514
4732.600000008551
4742.8000000085885
4823.500000008882
5714.100000012122
5722.300000012152
5732.300000012188
5739.900000012216
6713.900000015759
6723.100000015793
6736.2000000158405
6744.600000015871
7712.700000019393
7722.400000019428
7731.8000000194625
7739.100000019489
8712.400000013564
8722.400000013418
8732.500000013271
8739.200000013174
9711.999999999018
9723.999999998843
9734.199999998697
9741.299999998591
716.8999999999958
1750.3999999990558
9749.799999998468
1746.999999999059
2752.4000000013475
7752.500000019538
8747.800000013049
9747.899999998495
963.6999999997712
1728.7999999990757
2729.200000001263
9728.199999998782
808.4999999999125
4997.300000009514
6014.300000013214
6880.800000016367
7997.400000020429
9997.79999999486
706.5000000000052
716.0999999999965
759.7999999999568
773.2999999999445
838.0999999998855
1752.299999999054
2752.600000001348
3752.7000000049866
4750.600000008617
5749.20000001225
5757.300000012279
6751.000000015894
6764.500000015943
7747.300000019519
7756.600000019553
7772.40000001961
8756.100000012928
9748.89999999848
9755.599999998383
796.899999999923
5802.900000012445
7802.400000019719
9798.899999997751
604.2000000000983
984.999999999752
1984.8999999988423
2985.0000000021937
3984.700000005831
4984.500000009468
5984.600000013106
6981.500000016733
7983.300000020377
8985.50000000959
9985.199999995042
7992.20000002041
8996.600000009428
963.1999999997718
1989.3999999988384
3991.2000000058542
5991.300000013131
6995.100000016782
708.6000000000033
732.3999999999817
1744.8999999990608
2746.500000001326
5747.400000012243
7748.000000019521
9744.999999998538
1809.9999999990016
2813.50000000157
721.3999999999917
734.6999999999796
940.5999999997924
805.699999999915
1750.3999999990558
1796.299999999014
1885.8999999989328
2011.1999999988184
2035.3999999987968
2891.300000001853
3034.2000000023727
3751.8000000049833
3801.600000005165
3858.600000005372
3892.1000000054937
5036.300000009656
5750.300000012254
5891.500000012768
6011.400000013204
6864.400000016307
7011.600000016842
7748.000000019521
7892.300000020046
8033.800000020561
8890.60000001097
9012.400000009198
9035.60000000886
9749.59999999847
9891.599999996404
1687.7999999991127
2003.099999998826
3004.7000000022654
5003.600000009537
5015.800000009582
6001.000000013166
6014.600000013215
8004.100000020453
793.8999999999257
809.3999999999116
1787.0999999990224
1794.899999999015
1803.199999999008
2782.000000001455
2795.200000001503
2803.6000000015338
2903.8000000018983
3792.30000000513
3801.0000000051614
3860.90000000538
4791.300000008765
4800.200000008797
4867.400000009042
5794.600000012415
6791.300000016041
6800.700000016075
7778.100000019631
7789.600000019673
7803.800000019724
8790.900000012422
8801.900000012261
9785.899999997942
9796.199999997792
9904.399999996218
575.1000000001247
598.7000000001033
1694.099999999107
1995.499999998833
2993.4000000022243
4024.100000005974
4996.10000000951
5007.00000000955
6003.400000013175
6994.40000001678
7994.500000020418
8691.40000001387
8993.200000009478
939.1999999997936
600.8000000001014
1619.399999999175
1640.6999999991556
1987.59999999884
2625.400000000885
2989.50000000221
3617.600000004495
3988.400000005844
4614.600000008122
5613.900000011758
6618.400000015412
6989.1000000167605
7989.300000020399
8605.50000001512
8620.500000014901
9620.300000000352
9989.899999994974
732.3999999999817
4791.700000008766
6758.900000015923
951.0999999997828
801.9999999999184
3758.700000005008
9760.199999998316
932.4999999997996
2004.4999999988247
9002.900000009337
609.3000000000936
1611.0999999991825
1993.7999999988344
2610.20000000083
2981.4000000021806
3619.100000004501
3993.4000000058622
4612.200000008113
4993.4000000095
5610.100000011744
6611.4000000153865
6994.40000001678
7613.400000019032
7993.600000020415
8611.100000015038
8981.700000009645
9611.900000000474
9993.899999994916
2624.8000000008838
3625.400000004524
4628.800000008174
5625.100000011798
5983.500000013102
7625.400000019075
8626.10000001482
601.200000000101
944.299999999789
1790.1999999990196
2791.000000001488
3790.000000005122
4789.80000000876
5792.0000000124055
6790.200000016037
8790.200000012432
9789.899999997884
987.5999999997496
595.9000000001058
939.9999999997927
927.699999999804
943.3999999997898
6962.600000016664
1692.999999999108
2694.500000001137
3694.700000004776
6699.900000015708
7019.800000016872
8693.000000013846
1001.399999999737
708.6000000000033
758.0999999999583
1710.3999999990922
1755.599999999051
2712.3000000012016
2751.9000000013457
3709.900000004831
3755.200000004996
4712.100000008477
4752.800000008625
5711.500000012113
5747.600000012244
5761.100000012293
6709.500000015743
6752.800000015901
7711.400000019388
7751.6000000195345
8705.300000013667
8713.600000013546
8751.000000013002
9710.299999999042
9749.799999998468
957.5999999997769
6943.000000016593
6957.500000016646
653.1000000000538
1796.299999999014
749.599999999966
803.0999999999174
1701.4999999991005
1714.4999999990885
1752.5999999990538
2703.8000000011707
2720.0000000012296
2751.6000000013446
3702.500000004804
3712.8000000048414
3750.80000000498
4702.00000000844
4714.600000008486
4750.300000008616
5704.200000012086
5715.000000012125
5748.200000012246
5768.60000001232
6702.200000015717
6714.400000015761
6750.800000015894
7703.000000019358
7715.300000019402
7750.30000001953
7773.700000019615
8700.800000013733
8751.600000012993
9701.799999999166
9714.899999998976
9746.499999998516
9768.0999999982
961.9999999997729
924.0999999998072
1967.6999999988584
3987.40000000584
943.7999999997894
1593.6999999991983
1618.099999999176
2593.400000000769
2608.800000000825
5606.900000011732
7594.000000018961
7946.300000020243
8631.900000014735
9799.699999997742
9941.599999995677
1000.4999999997378
1995.7999999988328
2995.9000000022334
4972.300000009424
5001.000000009528
7968.800000020325
7996.800000020426
8972.100000009785
9996.29999999488
577.4000000001226
587.7000000001133
608.3000000000945
892.7999999998358
927.4999999998042
950.899999999783
981.599999999755
1001.5999999997368
1577.599999999213
1981.099999998846
1995.7999999988328
2576.900000000709
2967.50000000213
2980.8000000021784
2996.300000002235
3980.5000000058153
3994.000000005864
4582.900000008007
4961.300000009383
4983.300000009464
4995.900000009509
5579.900000011634
5969.800000013052
5983.500000013102
6000.9000000131655
6980.900000016731
6995.500000016784
7961.000000020296
7982.200000020373
7996.700000020426
8576.700000015539
8963.50000000991
8983.200000009623
8994.000000009466
9576.700000000988
9980.999999995103
9993.59999999492
3845.600000005325
5618.600000011775
7616.400000019043
9847.599999997045
942.5999999997904
613.30000000009
1609.599999999184
2606.900000000818
3610.8000000044703
4609.000000008102
5607.600000011735
6607.600000015373
7607.900000019012
8609.700000015058
9611.200000000485
792.6999999999268
9849.599999997015
843.099999999881
1849.5999999989656
2850.400000001704
3850.000000005341
4852.300000008987
5785.700000012383
5851.300000012621
6849.700000016253
7849.900000019892
8849.000000011576
9849.699999997014
933.299999999799
1890.4999999989284
1941.0999999988824
2940.500000002032
3888.600000005481
3940.300000005669
4889.00000000912
5889.800000012761
6887.900000016392
6940.600000016584
7888.900000020034
7947.300000020246
8889.90000001098
8940.600000010243
9888.699999996446
9941.899999995672
941.4999999997916
3945.800000005689
736.7999999999777
832.7999999998904
2882.500000001821
3874.2000000054286
5746.000000012238
5874.200000012705
7881.400000020007
700.8000000000104
719.5999999999933
1664.299999999134
2681.7000000010903
946.0999999997872
723.9999999999893
864.7999999998613
874.999999999852
1958.2999999988667
2953.900000002081
4960.000000009379
5957.700000013008
6956.200000016641
7956.300000020279
8956.200000010016
9958.099999995437
725.1999999999882
734.5999999999797
1730.0999999990745
1739.9999999990653
2729.9000000012657
2741.300000001307
3732.0000000049113
3744.1000000049553
4730.400000008543
4743.20000000859
5730.600000012182
5740.800000012219
6732.100000015826
6744.100000015869
7729.700000019455
7741.800000019499
8731.100000013292
8744.500000013097
9732.599999998718
9742.999999998568
769.7999999999477
1683.3999999991167
1733.799999999071
1768.1999999990396
2680.000000001084
2727.9000000012584
2748.6000000013337
3683.600000004735
3703.0000000048058
3739.300000004938
3747.900000004969
4682.900000008371
4743.700000008592
5681.400000012003
5729.000000012176
5752.10000001226
6681.300000015641
6731.700000015824
6770.000000015963
7681.900000019281
7729.100000019453
7747.50000001952
8681.400000014015
8703.0000000137
8735.500000013228
8752.800000012976
9701.899999999165
9739.39999999862
9767.899999998204
763.899999999953
784.1999999999346
805.2999999999154
1712.9999999990898
1733.0999999990715
1784.0999999990252
2018.599999998812
2733.000000001277
3748.0000000049695
3785.100000005104
4020.20000000596
4784.700000008741
5019.200000009594
5775.000000012344
6749.600000015889
6784.800000016017
7749.200000019526
7786.20000001966
8703.200000013698
8732.300000013274
8786.100000012491
9706.199999999102
9748.399999998488
9785.199999997953
718.799999999994
1745.5999999990602
2746.000000001324
4746.600000008602
5746.40000001224
7747.000000019518
9749.899999998466
613.6000000000897
1614.899999999179
1633.3999999991622
2611.6000000008357
2631.300000000907
3612.100000004475
3633.100000004552
4614.300000008121
4634.400000008194
5597.000000011696
5613.400000011756
5632.500000011825
6613.800000015395
6633.100000015465
7611.400000019024
7632.600000019102
8611.200000015036
8631.000000014748
9614.700000000434
9635.60000000013
1683.099999999117
811.3999999999098
728.699999999985
815.0999999999065
1746.2999999990595
2738.1000000012955
3746.200000004963
4728.300000008536
4743.9000000085925
5739.200000012213
6728.400000015812
6745.600000015875
7729.200000019453
7744.90000001951
8746.200000013072
9736.899999998655
9756.699999998367
609.0000000000939
611.100000000092
963.5999999997714
1604.5999999991884
1991.899999998836
2599.20000000079
2612.600000000839
2992.9000000022224
4606.100000008091
4992.600000009497
5603.7000000117205
5995.600000013146
6605.900000015367
6992.500000016773
7603.800000018997
8602.600000015162
9605.600000000566
9992.099999994942
1861.6999999989544
2861.400000001744
3860.5000000053783
7864.600000019946
9862.99999999682
2006.9999999988224
3006.6000000022723
4006.800000005911
5007.10000000955
6006.000000013184
7006.700000016825
8006.300000020461
9006.200000009288
594.600000000107
603.1000000000993
626.3000000000782
916.3999999998144
939.0999999997936
970.6999999997648
996.0999999997418
1610.7999999991828
1919.599999998902
1977.5999999988487
2596.5000000007803
2977.100000002165
3615.0000000044856
3880.2000000054495
3978.100000005807
3999.500000005885
4977.600000009443
5609.500000011742
5978.700000013085
6609.300000015379
6979.000000016724
6995.7000000167845
7610.700000019022
7976.200000020352
7996.700000020426
8613.200000015007
8977.9000000097
9614.100000000442
9976.499999995169
6760.000000015927
639.2000000000664
1611.3999999991822
4623.900000008156
5613.700000011757
7629.800000019091
8610.700000015044
9611.700000000475
756.5999999999597
771.0999999999465
1692.999999999108
1728.199999999076
1751.399999999055
1770.8999999990372
2696.700000001145
2726.700000001254
3696.500000004782
3727.000000004893
3755.200000004996
3774.100000005064
4698.200000008426
4752.100000008622
4795.200000008779
5698.700000012066
5738.100000012209
5771.000000012329
6697.900000015701
6729.300000015815
6756.900000015916
7696.300000019333
7730.400000019457
7753.00000001954
7769.300000019599
8692.400000013855
8728.50000001333
8750.900000013004
9695.899999999252
9727.59999999879
9752.799999998424
9768.699999998193
718.2999999999945
705.600000000006
750.3999999999653
879.2999999998481
948.699999999785
1965.3999999988605
2965.800000002124
3966.500000005765
3990.2000000058506
4009.30000000592
4966.300000009402
5001.400000009529
5971.100000013057
6002.800000013172
6965.900000016676
7965.700000020313
7995.00000002042
8966.30000000987
9971.69999999524
663.2000000000446
714.499999999998
1750.199999999056
3945.100000005687
4749.600000008613
5749.100000012249
6752.6000000159
6946.600000016606
7747.100000019518
7945.700000020241
8751.200000013
9747.999999998494
758.5999999999578
1746.3999999990594
2739.0000000012988
2761.000000001379
3745.900000004962
4745.9000000086
5760.500000012291
6746.600000015878
7742.700000019502
7760.4000000195665
8746.000000013075
9745.699999998527
9758.799999998337
810.6999999999105
3771.800000005056
4793.700000008774
7756.800000019553
8758.70000001289
709.7000000000023
731.6999999999823
1607.299999999186
2608.900000000825
5610.700000011746
8607.800000015086
3979.700000005813
8982.900000009628
1004.4999999997342
4032.300000006004
5018.10000000959
597.8000000001041
803.7999999999167
1701.8999999991
2702.7000000011667
3704.20000000481
4699.400000008431
4794.800000008778
5715.600000012128
6698.600000015704
7700.80000001935
7714.6000000194
8702.100000013714
9710.49999999904
594.0000000001075
603.7000000000987
615.7000000000878
1598.0999999991943
1612.4999999991812
2595.200000000776
2613.400000000842
3597.9000000044234
4597.800000008061
5598.0000000117
5612.600000011753
6598.000000015338
7597.900000018975
8597.400000015237
8610.800000015042
9600.50000000064
571.500000000128
604.9000000000976
626.500000000078
1605.5999999991875
2603.300000000805
2622.100000000873
3617.500000004495
4620.100000008142
5606.700000011731
5627.800000011808
6603.600000015358
7604.100000018998
7623.90000001907
8603.800000015144
9625.800000000272
693.4000000000171
946.1999999997872
604.500000000098
1601.699999999191
2609.900000000829
3610.70000000447
4611.100000008109
5600.200000011708
5612.300000011752
6600.700000015348
6610.900000015385
7602.400000018992
8601.100000015183
9601.000000000631
2977.700000002167
7975.300000020348
903.2999999998262
939.799999999793
1958.4999999988663
2960.500000002105
3960.600000005743
4961.000000009382
5959.000000013013
6958.80000001665
7959.800000020292
8958.500000009983
937.7999999997947
1938.5999999988849
2926.1000000019794
3937.000000005657
4948.700000009338
5936.800000012932
6924.600000016526
7938.400000020214
8935.100000010323
9924.099999995931
700.7000000000105
717.3999999999953
1745.2999999990604
2747.300000001329
3747.000000004966
4747.800000008607
5747.600000012244
6746.500000015878
7746.000000019514
8745.70000001308
9746.599999998514
1992.399999998836
2993.5000000022246
3993.7000000058633
4986.500000009475
5995.4000000131455
6984.800000016745
7993.000000020413
8987.700000009558
9995.499999994892
3019.200000002318
4019.6000000059576
5015.40000000958
5031.600000009639
7019.000000016869
9021.600000009064
570.8000000001286
602.9000000000995
962.899999999772
2600.500000000795
3602.6000000044405
3984.4000000058295
4599.700000008068
5599.100000011704
6599.200000015342
8600.200000015197
9601.400000000627
599.1000000001029
620.6000000000834
1600.1999999991924
2599.9000000007927
3599.9000000044307
5602.500000011716
7600.200000018984
8599.700000015204
9600.900000000634
604.7000000000978
965.29999999977
1000.299999999738
2978.200000002169
5009.300000009558
8625.900000014823
770.8999999999467
8746.500000013068
9748.099999998492
761.4999999999552
773.799999999944
1760.3999999990467
1774.6999999990337
2761.100000001379
2828.300000001624
3760.700000005016
3771.500000005055
4762.100000008659
4802.400000008805
5761.700000012295
5803.200000012446
6761.900000015934
6802.500000016082
7759.800000019564
7801.700000019717
8762.80000001283
9760.099999998318
608.2000000000946
962.899999999772
6965.100000016673
7975.80000002035
604.3000000000982
773.799999999944
5995.300000013145
571.7000000001278
1982.6999999988443
1996.299999998832
2573.600000000697
2982.5000000021846
3573.7000000043354
3982.800000005824
4983.800000009465
4999.400000009522
5983.700000013103
6983.100000016739
7983.400000020378
8982.300000009636
9983.799999995064
578.4000000001217
694.8000000000159
1679.79999999912
1694.4999999991066
1714.0999999990888
1746.899999999059
2680.300000001085
2747.300000001329
3680.600000004724
3713.600000004844
3751.900000004984
4681.100000008364
4714.300000008485
5680.300000011999
5716.4000000121305
6681.00000001564
6699.200000015706
6713.800000015759
6748.100000015884
7681.300000019279
7711.300000019388
7747.000000019518
8679.200000014047
8699.200000013756
8714.300000013536
8746.000000013075
9679.199999999497
9715.89999999896
9743.999999998552
1985.499999998842
2983.3000000021875
3987.500000005841
4984.400000009468
5983.100000013101
6986.10000001675
7984.200000020381
8988.400000009548
9988.099999995
1996.1999999988325
3993.900000005864
7996.200000020424
771.599999999946
1800.69999999901
3771.900000005056
3801.600000005165
4793.500000008773
8799.500000012296
605.4000000000972
944.8999999997884
1594.9999999991971
1968.1999999988575
2974.8000000021566
3801.500000005164
3982.2000000058215
6975.20000001671
7976.400000020352
8800.500000012282
8974.000000009757
729.1999999999846
760.599999999956
838.0999999998855
770.2999999999472
9774.9999999981
4019.8000000059583
4034.20000000601
578.6000000001216
874.3999999998525
892.8999999998357
936.9999999997956
995.799999999742
1960.299999998865
2960.8000000021057
3963.8000000057546
4966.800000009403
5960.200000013017
6960.400000016656
7805.600000019731
7967.000000020318
8967.900000009846
9963.599999995356
591.0000000001103
803.9999999999166
1605.4999999991876
1800.69999999901
2604.500000000809
2801.500000001526
3609.600000004466
3800.600000005161
4612.600000008115
4803.900000008811
5609.2000000117405
5801.800000012441
6610.000000015381
6801.90000001608
7601.800000018989
7802.50000001972
8602.900000015157
8800.500000012282
9609.000000000517
9801.799999997713
5956.700000013005
6954.300000016634
8954.000000010048
603.7000000000987
1570.999999999219
2577.1000000007098
3572.500000004331
4574.700000007977
5575.100000011616
6574.600000015253
8575.100000015562
943.19999999979
1966.2999999988597
3966.700000005765
4967.200000009405
5975.300000013072
6968.500000016686
8989.900000009526
804.3999999999162
597.2000000001046
967.9999999997674
5605.200000011726
8603.800000015144
601.9000000001004
611.9000000000913
629.1000000000756
825.6999999998968
1603.7999999991891
1657.89999999914
2602.500000000802
2654.10000000099
3606.300000004454
3653.600000004626
4605.600000008089
4653.700000008264
5603.200000011719
5653.400000011901
6604.20000001536
7604.600000019
7654.10000001918
8602.600000015162
9602.500000000611
9655.39999999984
1609.9999999991835
2602.200000000801
5608.900000011739
6615.400000015401
679.5000000000298
711.0000000000011
670.0000000000384
702.400000000009
739.8999999999749
945.399999999788
1680.2999999991196
1708.399999999094
2004.7999999988244
2680.300000001085
2711.600000001199
3007.7000000022763
3681.900000004729
3711.800000004838
4681.400000008365
4712.600000008479
5681.400000012003
5712.100000012115
6007.300000013189
6683.100000015647
6709.900000015745
7682.000000019281
7710.400000019385
7943.800000020234
8680.300000014031
8712.500000013562
9008.000000009262
9679.699999999488
9706.799999999092
1784.3999999990249
1795.199999999015
2795.0000000015025
3792.0000000051296
4793.300000008772
5791.900000012405
6794.000000016051
7792.600000019684
8793.10000001239
9792.499999997846
1604.0999999991889
2604.3000000008087
3607.6000000044583
4605.9000000080905
5604.500000011723
6605.700000015366
8603.700000015146
9604.900000000576
963.2999999997716
1861.0999999989551
2860.30000000174
2966.3000000021257
3862.200000005385
4886.900000009113
5882.900000012736
6867.100000016317
6889.9000000164
7760.4000000195665
7799.80000001971
7865.70000001995
8761.40000001285
8880.800000011113
8964.000000009903
9760.499999998312
9815.499999997512
9869.599999996724
963.8999999997712
2987.2000000022017
4989.500000009486
8603.100000015154
8987.60000000956
9991.599999994947
749.3999999999662
1751.299999999055
2749.9000000013384
3750.600000004979
4750.600000008617
5750.600000012255
6751.700000015897
7749.700000019528
8750.50000001301
9750.699999998456
1664.8999999991336
1746.0999999990595
9746.29999999852
965.6999999997696
1612.5999999991811
8610.400000015048
766.5999999999506
801.8999999999185
1762.399999999045
1770.7999999990373
1800.79999999901
2768.700000001407
2776.1000000014337
2799.300000001518
3765.500000005033
3773.200000005061
3801.200000005163
4769.900000008687
4800.000000008797
5768.300000012319
5802.500000012444
6761.700000015933
6770.000000015963
6800.200000016073
7761.200000019569
7771.000000019605
7799.700000019709
8750.700000013007
8768.900000012742
8800.300000012285
9761.99999999829
9768.1999999982
9799.999999997735
600.5000000001016
608.4000000000945
1603.4999999991894
1610.6999999991829
2603.7000000008065
3602.800000004441
4602.100000008077
4610.500000008107
5602.400000011716
5609.600000011742
6603.000000015356
6611.100000015385
7599.600000018981
7608.800000019015
8602.70000001516
8609.300000015064
9602.900000000604
9613.300000000454
9023.800000009032
1683.9999999991162
2685.0000000011023
8682.100000014005
9679.299999999494
705.9000000000058
721.3999999999917
912.8999999998176
3616.3000000044894
3975.0000000057953
4619.000000008138
4980.600000009454
8617.80000001494
956.7999999997776
1954.0999999988703
2954.300000002082
3954.7000000057214
4953.600000009355
5953.800000012994
6957.100000016644
8600.60000001519
8954.800000010036
9954.999999995482
6023.900000013249
760.2999999999563
1771.7999999990363
3760.000000005013
5761.700000012295
6738.300000015848
6761.200000015931
7748.200000019522
8760.600000012862
9746.999999998508
9761.599999998296
596.1000000001056
944.8999999997884
1998.0999999988303
2913.000000001932
2998.600000002243
3912.9000000055694
3998.600000005881
4012.300000005931
4997.500000009515
5997.800000013154
6913.100000016484
6955.90000001664
6998.300000016794
8000.50000002044
8998.200000009405
9019.300000009098
905.3999999998244
931.7999999998004
1962.499999998863
1977.4999999988493
1987.2999999988403
2966.6000000021268
2994.400000002228
3966.300000005764
3990.10000000585
4965.700000009399
4986.100000009474
4998.400000009518
5966.30000001304
5980.700000013092
6968.900000016687
7986.9000000203905
8967.500000009852
8981.30000000965
9968.599999995284
9989.999999994972
605.0000000000975
813.2999999999081
611.100000000092
811.2999999999099
1608.399999999185
2608.400000000824
3845.800000005325
4612.300000008114
5610.700000011746
6610.700000015384
8607.700000015087
593.2000000001083
986.2999999997508
1977.5999999988487
2979.900000002175
4992.000000009495
5967.600000013044
6964.30000001667
6992.4000000167725
7964.600000020309
7999.300000020436
8969.200000009827
9963.599999995356
9990.699999994962
1993.5999999988344
2005.8999999988237
2993.2000000022235
3018.2000000023145
3773.100000005061
3994.400000005866
4021.500000005965
4993.4000000095
5007.800000009553
5994.500000013142
6004.400000013178
6771.500000015969
6994.000000016778
7021.500000016878
7770.800000019604
7994.90000002042
8007.100000020464
8768.000000012755
8994.300000009462
9020.900000009076
9768.699999998193
9994.199999994911
603.400000000099
2601.400000000798
1952.499999998872
3773.000000005061
6964.9000000166725
1604.6999999991883
5605.500000011727
1771.7999999990363
5747.100000012242
6751.900000015898
7752.200000019537
7772.900000019612
8771.600000012702
3715.600000004852
710.9000000000012
732.2999999999818
5579.600000011633
1807.8999999990035
1823.899999998989
2818.800000001589
3822.30000000524
4828.100000008899
5822.800000012518
7802.50000001972
8803.700000012235
9825.799999997362
4031.500000006001
999.2999999997388
1971.6999999988543
2969.3000000021366
3968.900000005773
3980.200000005814
4967.200000009405
5967.400000013044
6970.4000000166925
7972.200000020337
8970.800000009804
2957.7000000020944
3008.400000002279
3955.0000000057225
4956.900000009367
5005.400000009544
5955.500000013
6007.60000001319
6955.600000016639
7008.500000016831
7954.700000020273
8005.500000020458
8956.200000010016
9006.600000009283
9954.799999995485
2724.6000000012464
963.5999999997714
984.999999999752
591.4000000001099
600.100000000102
610.5000000000925
1595.7999999991964
2591.500000000762
2606.300000000816
3596.200000004417
4595.100000008051
5589.7000000116695
5599.900000011707
6588.800000015304
6598.100000015338
7591.700000018953
7601.500000018988
8589.70000001535
8599.200000015211
9591.400000000773
9605.900000000562
2966.8000000021275
3980.300000005815
5966.30000001304
7969.800000020328
718.6999999999941
743.6999999999714
757.9999999999584
605.1000000000975
1604.3999999991886
1614.599999999179
2601.400000000798
2613.700000000843
3606.2000000044536
4605.500000008089
5602.300000011715
5612.700000011753
6603.500000015358
6621.800000015424
7601.800000018989
8603.800000015144
9604.400000000584
801.1999999999191
864.0999999998619
916.799999999814
1914.999999998906
1975.699999998851
2800.2000000015214
2918.300000001951
2986.6000000021995
3769.4000000050473
3912.600000005568
3984.9000000058313
4770.100000008688
4801.700000008803
5913.300000012847
5990.800000013129
6770.100000015964
6802.10000001608
6913.100000016484
7974.300000020345
8769.600000012731
8899.200000010846
8987.300000009564
9799.999999997735
3752.500000004986
6694.500000015689
8695.600000013808
603.9000000000985
621.3000000000827
1603.2999999991896
1613.2999999991805
2602.500000000802
2612.100000000837
3604.600000004448
4602.700000008079
4610.900000008109
5601.800000011714
5610.400000011745
6602.600000015354
6611.100000015385
7602.800000018993
8602.00000001517
8609.400000015063
9602.900000000604
9609.700000000506
3601.400000004436
6600.600000015347
572.4000000001272
906.9999999998228
942.4999999997906
1964.699999998861
1973.6999999988527
2968.2000000021326
3969.100000005774
3978.3000000058073
4963.900000009393
4973.700000009429
5967.300000013043
5975.600000013073
6965.200000016674
7968.000000020322
7978.40000002036
8969.00000000983
9969.899999995265
9989.299999994982
800.4999999999197
2810.200000001558
7801.000000019714
8772.600000012688
8799.000000012304
810.6999999999105
2761.5000000013806
3773.8000000050633
6760.200000015928
614.1000000000893
1608.1999999991851
2602.0000000008004
2616.3000000008524
5604.200000011722
6611.800000015388
9611.700000000475
1973.399999998853
730.5999999999833
1743.8999999990615
2742.8000000013126
3743.6000000049535
4742.900000008589
5742.900000012227
6743.300000015866
7744.400000019508
8744.200000013101
9743.599999998558
1970.9999999988552
2970.6000000021413
5975.500000013073
7969.600000020328
8979.000000009684
591.8000000001095
866.7999999998594
880.8999999998466
940.4999999997924
1956.0999999988687
2952.3000000020747
3954.900000005722
4955.200000009361
5954.600000012997
6954.800000016636
7955.500000020276
8899.100000010847
8953.300000010058
9950.199999995551
597.900000000104
615.8000000000877
963.1999999997718
1601.9999999991908
1612.699999999181
2006.8999999988223
2599.20000000079
2605.700000000814
2978.9000000021715
3605.4000000044502
3977.400000005804
4601.300000008074
4606.600000008093
4963.600000009392
5601.000000011711
5609.800000011743
5981.600000013095
6600.800000015348
6608.100000015375
6964.700000016672
7600.500000018985
7609.300000019017
7977.800000020357
8600.70000001519
8652.90000001443
8978.800000009687
9602.900000000604
9988.599999994993
592.5000000001089
602.0000000001003
901.6999999998276
974.999999999761
588.6000000001125
1966.3999999988596
2973.300000002151
3979.8000000058128
7970.900000020332
8980.100000009668
671.600000000037
696.0000000000148
706.1000000000056
1681.5999999991184
1703.4999999990985
2681.900000001091
3681.600000004728
4682.000000008367
5681.700000012004
6682.500000015645
7682.500000019283
7707.200000019373
8681.00000001402
9681.69999999946
744.2999999999709
670.6000000000379
690.6000000000197
7752.700000019538
739.8999999999749
1963.9999999988613
1974.299999998852
2962.2000000021108
2969.8000000021384
3966.500000005765
3989.800000005849
4967.400000009406
5966.30000001304
5978.600000013084
6962.200000016663
6980.3000000167285
7964.600000020309
8967.800000009847
9968.19999999529
9983.399999995068
889.3999999998389
1960.7999999988645
1973.1999999988527
2961.500000002108
2976.800000002164
3974.200000005792
4963.20000000939
5968.100000013046
6963.600000016668
7961.800000020299
7973.500000020342
8967.100000009857
9962.099999995378
4999.200000009521
8000.000000020438
9000.500000009371
5618.200000011773
8994.800000009454
9022.60000000905
674.0000000000348
598.0000000001039
614.9000000000885
5617.40000001177
8613.500000015003
743.1999999999719
711.7000000000005
732.099999999982
759.7999999999568
6713.100000015756
7718.300000019413
8714.00000001354
1965.99999999886
705.4000000000062
718.9999999999939
731.999999999982
1703.5999999990984
1736.5999999990684
937.2999999997952
1994.0999999988344
2996.8000000022366
4994.400000009504
5008.900000009557
5997.200000013152
6955.600000016639
6995.300000016783
7956.300000020279
7993.800000020416
9019.90000000909
9996.499999994878
671.9000000000367
683.6000000000261
700.3000000000109
5693.300000012046
8691.800000013864
774.899999999943
577.8000000001223
595.5000000001062
933.7999999997984
965.8999999997692
980.7999999997558
1956.699999998868
1985.1999999988425
2958.300000002097
2986.7000000022
3958.700000005736
3978.500000005808
4960.200000009379
4985.00000000947
5955.500000013
5982.400000013098
6955.400000016638
6985.400000016747
7955.800000020277
7987.100000020391
8959.000000009975
8981.700000009645
9955.499999995474
9986.199999995028
561.600000000137
575.1000000001247
937.699999999795
1997.3999999988312
2014.099999998816
2996.5000000022355
3997.700000005878
4011.9000000059295
4024.400000005975
4997.400000009515
5996.300000013149
6011.200000013203
6025.300000013254
6997.800000016792
7024.500000016889
7998.000000020431
8998.200000009405
9027.000000008986
9996.599999994876
1603.4999999991894
2601.200000000797
3605.900000004453
4602.90000000808
5602.100000011715
6602.800000015355
8602.400000015165
9603.90000000059
1943.99999999888
2005.399999998824
3007.600000002276
3944.6000000056847
4944.0000000093205
5006.800000009549
5945.300000012963
6008.900000013195
6944.500000016598
654.9000000000522
673.3000000000354
6800.700000016075
610.3000000000927
936.2999999997962
980.1999999997564
1966.799999998859
2560.2000000006483
2963.0000000021137
3558.700000004281
3946.10000000569
3964.300000005757
4560.000000007924
4964.9000000093965
5560.600000011564
5984.600000013106
6559.400000015197
6963.400000016667
7560.000000018837
7943.500000020233
7998.100000020431
8560.200000015779
8607.900000015085
9561.30000000121
9999.899999994828
986.4999999997506
1969.5999999988564
2970.30000000214
3984.800000005831
4983.300000009464
5983.900000013104
6005.400000013182
7970.500000020331
7984.300000020381
8978.900000009686
8986.500000009575
708.1000000000038
730.6999999999832
743.1999999999719
829.3999999998935
1753.7999999990527
2753.10000000135
3750.400000004978
7752.400000019537
9763.599999998269
7974.400000020345
1605.099999999188
2863.900000001753
7603.900000018997
8607.000000015098
1752.299999999054
3751.1000000049808
4751.100000008619
5753.200000012264
6750.200000015891
8752.50000001298
9751.499999998445
1687.499999999113
8686.700000013938
9689.999999999338
2844.300000001682
3845.300000005324
6843.700000016232
8843.20000001166
2969.8000000021384
7972.500000020338
9737.699999998644
589.6000000001115
1962.9999999988624
2969.400000002137
3976.000000005799
5972.900000013064
7967.000000020318
7974.100000020344
8965.000000009888
989.299999999748
611.2000000000919
3614.2000000044823
6623.800000015432
7620.900000019059
757.4999999999588
1873.299999998944
2873.700000001789
5873.700000012703
7798.900000019707
7874.300000019981
8797.000000012333
8871.700000011246
704.600000000007
726.599999999987
1679.1999999991206
2680.9000000010874
3683.700000004736
5681.200000012002
7685.200000019293
8679.200000014047
9680.599999999476
730.2999999999836
601.200000000101
1601.5999999991911
2601.7000000007997
4602.500000008078
5605.000000011725
6601.700000015351
7601.400000018988
8601.40000001518
9606.400000000554
798.4999999999216
1795.5999999990147
2798.1000000015138
3798.100000005152
4796.500000008784
5797.000000012424
6795.900000016058
7796.000000019696
8797.100000012331
9796.699999997783
1996.599999998832
2993.7000000022254
3945.3000000056873
4994.100000009503
5999.600000013161
6022.300000013243
6996.700000016788
7023.700000016886
7948.100000020249
7994.600000020418
8995.000000009451
9996.099999994884
1697.8999999991036
2699.1000000011536
3707.8000000048232
6690.900000015676
7709.400000019381
8689.100000013903
8700.000000013744
680.7000000000287
704.600000000007
1677.2999999991223
1688.2999999991123
1697.8999999991036
2686.4000000011074
3686.900000004747
4687.500000008387
5686.00000001202
6688.200000015666
7683.300000019286
7707.600000019374
8682.500000013999
8694.500000013824
9678.599999999504
9687.299999999375
705.2000000000064
595.3000000001064
8624.400000014844
842.5999999998814
893.1999999998354
924.1999999998072
982.699999999754
1901.799999998918
1925.3999999988969
2899.300000001882
2924.300000001973
3894.800000005504
3926.500000005619
3963.8000000057546
4924.400000009249
5900.800000012801
5926.500000012895
6801.700000016079
6902.700000016446
6924.400000016525
7798.500000019705
7899.000000020071
7925.600000020167
7962.300000020301
8800.200000012286
8894.600000010912
8924.400000010479
8963.400000009911
9893.699999996374
9925.499999995913
603.5000000000989
840.3999999998834
1600.799999999192
2599.8000000007924
3602.9000000044416
4597.900000008061
4610.500000008107
5599.500000011705
6600.000000015345
7600.900000018986
8599.500000015207
9600.300000000643
9609.100000000515
873.2999999998535
1771.099999999037
2792.5000000014934
3769.4000000050473
3792.10000000513
4774.600000008704
4791.200000008765
5013.000000009572
5772.100000012333
6791.600000016042
7791.800000019681
8772.50000001269
8794.800000012365
9772.599999998136
9792.799999997842
1960.5999999988649
9964.09999999535
1642.599999999154
2645.70000000096
8643.100000014572
7976.500000020353
668.0000000000402
1838.199999998976
2836.900000001655
3836.800000005293
4837.700000008934
5837.500000012571
6837.80000001621
7837.500000019847
8836.900000011752
9836.499999997206
735.399999999979
585.5000000001153
602.3000000001
639.1000000000665
1595.099999999197
2594.9000000007745
2603.1000000008044
3601.0000000044347
4597.60000000806
5599.200000011704
6597.400000015336
7593.900000018961
8599.200000015211
9600.700000000636
2816.000000001579
738.2999999999763
5615.900000011765
8614.700000014986
4773.4000000087
5773.600000012339
7706.700000019371
9773.099999998129
669.5000000000389
733.099999999981
987.7999999997494
1985.399999998842
2982.7000000021853
3985.400000005833
4984.100000009466
5984.900000013107
6980.3000000167285
7983.700000020379
8980.100000009668
9739.39999999862
9982.59999999508
677.0000000000321
700.4000000000108
711.7000000000005
728.4999999999852
827.9999999998947
1682.999999999117
1693.1999999991078
3696.4000000047818
6708.100000015738
7699.300000019344
8694.000000013832
9678.299999999508
9700.399999999188
728.1999999999855
1722.4999999990812
3717.400000004858
7718.700000019415
9706.699999999097
710.2000000000019
731.1999999999828
1678.9999999991207
6642.100000015498
5683.40000001201
8681.00000001402
2620.7000000008684
4615.900000008127
6616.000000015403
8616.700000014956
1963.9999999988613
2969.400000002137
3986.400000005837
4985.800000009473
5967.700000013045
6966.100000016677
7964.500000020309
8969.70000000982
8985.800000009585
9973.899999995208
2944.400000002046
3946.300000005691
5947.20000001297
6946.600000016606
7944.800000020237
8946.500000010157
708.4000000000035
732.9999999999811
1726.3999999990776
3726.5000000048913
4725.600000008526
8727.400000013346
9727.69999999879
730.3999999999835
693.1000000000174
1880.0999999989376
575.8000000001241
2006.5999999988228
2022.3999999988084
3007.7000000022763
3018.7000000023163
4006.4000000059095
4023.1000000059694
5006.000000009546
5018.600000009592
6005.900000013184
6026.90000001326
7008.000000016829
7021.90000001688
8006.500000020462
9010.100000009232
726.2999999999872
737.499999999977
1973.5999999988528
733.5999999999806
599.4000000001026
1600.799999999192
2601.300000000798
3601.8000000044376
4600.600000008071
5601.5000000117125
6600.200000015346
7600.000000018983
7620.900000019059
8600.900000015186
8628.600000014783
9599.600000000652
709.8000000000022
8637.600000014652
1609.9999999991835
703.7000000000078
713.9999999999984
729.1999999999846
1971.299999998855
3970.70000000578
5971.90000001306
7972.200000020337
9982.49999999508
614.2000000000892
937.599999999795
9680.399999999478
3716.800000004856
1004.4999999997342
1795.3999999990149
2007.0999999988223
3796.800000005147
4007.100000005912
4798.20000000879
7794.900000019692
8010.100000020475
8797.20000001233
9794.29999999782
713.7999999999986
723.3999999999899
1713.5999999990893
1737.099999999068
2725.100000001248
2742.10000000131
3706.7000000048192
3726.800000004893
4753.200000008626
5740.6000000122185
6705.400000015728
6739.600000015853
7726.900000019445
7739.000000019489
8732.400000013273
9706.899999999092
9735.699999998673
2848.700000001698
3846.300000005327
6845.600000016239
8846.800000011608
705.700000000006
726.599999999987
948.699999999785
1679.1999999991206
1700.1999999991017
1943.79999999888
2681.400000001089
3680.200000004723
3944.700000005685
5945.900000012965
6698.800000015704
6943.000000016593
7699.800000019346
8680.300000014031
9682.799999999444
9700.499999999183
1605.8999999991872
2606.900000000818
4607.800000008097
5607.500000011734
7607.50000001901
8607.50000001509
1988.3999999988396
2985.8000000021966
3987.7000000058415
4985.400000009471
5990.000000013126
6985.200000016746
7986.000000020387
8987.50000000956
9991.199999994957
601.8000000001005
1800.0999999990106
3799.9000000051583
4799.500000008795
6798.500000016067
7798.900000019707
8798.500000012311
1699.8999999991015
3707.6000000048234
4710.800000008472
5709.400000012105
6705.7000000157295
7705.700000019367
8698.20000001377
9707.499999999083
9759.99999999832
2848.100000001696
2791.2000000014887
2835.2000000016487
4837.100000008932
5792.800000012408
5836.400000012567
6835.600000016202
7835.300000019839
8834.30000001179
9837.699999997189
1829.499999998984
6828.300000016176
1667.8999999991308
1973.9999999988524
2820.000000001593
5973.7000000130665
827.5999999998951
954.3999999997798
2954.1000000020813
5954.500000012997
6952.600000016628
8953.100000010061
9953.499999995503
711.6000000000006
1802.5999999990083
2804.200000001536
3802.500000005168
4802.300000008805
5802.600000012444
6798.900000016069
7799.600000019709
8798.700000012308
9804.399999997671
599.6000000001025
760.6999999999559
940.899999999792
956.499999999778
1794.4999999990157
2801.800000001527
2958.6000000020977
3796.500000005146
3957.600000005732
4959.500000009377
5797.800000012427
5960.5000000130185
6798.500000016067
6958.200000016648
7795.100000019693
7957.200000020282
8797.800000012321
8958.500000009983
9799.699999997742
9958.49999999543
610.2000000000928
701.0000000000102
714.499999999998
726.3999999999871
1651.299999999146
5645.400000011872
7649.000000019161
8680.000000014035
9646.099999999977
9677.39999999952
704.8000000000068
1705.4999999990966
2705.300000001176
2741.2000000013068
3706.7000000048192
4705.800000008454
5706.300000012094
6705.200000015728
7705.000000019365
8705.300000013667
8743.300000013114
9704.799999999124
1964.599999998861
935.399999999797
1924.3999999988976
2923.6000000019703
3925.500000005615
4925.000000009251
5923.700000012885
6925.100000016528
7924.300000020163
9924.499999995924
702.1000000000092
